service_id,date,exception_type
48097,20260303,1
48098,20260227,1
48101,20260305,1
48102,20260302,1
48105,20260224,1
48106,20260224,1
48109,20260227,1
48111,20260227,1
48114,20260225,1
48115,20260304,1
48116,20260226,1
48117,20260303,1
48118,20260303,1
48119,20260226,1
48120,20260224,1
48121,20260302,1
48122,20260226,1
48123,20260227,1
48125,20260224,1
48128,20260304,1
48129,20260303,1
48130,20260226,1
48134,20260302,1
48135,20260227,1
48136,20260225,1
48138,20260305,1
48139,20260227,1
48140,20260224,1
48142,20260305,1
48146,20260304,1
48147,20260227,1
48151,20260302,1
48153,20260301,1
48154,20260226,1
48155,20260304,1
48156,20260226,1
48157,20260301,1
48159,20260302,1
48160,20260303,1
48161,20260228,1
48164,20260228,1
48165,20260226,1
48166,20260224,1
48167,20260302,1
48169,20260225,1
48171,20260305,1
48173,20260305,1
48174,20260303,1
48176,20260224,1
48177,20260226,1
48179,20260302,1
48180,20260301,1
48182,20260224,1
48184,20260227,1
48186,20260226,1
48187,20260305,1
48188,20260304,1
48189,20260302,1
48190,20260224,1
48194,20260228,1
48195,20260228,1
48196,20260228,1
48197,20260302,1
48198,20260227,1
48200,20260224,1
48201,20260226,1
48202,20260304,1
48203,20260304,1
48204,20260227,1
48205,20260224,1
48206,20260228,1
48209,20260304,1
48210,20260225,1
48211,20260303,1
48212,20260303,1
48213,20260225,1
48214,20260304,1
48215,20260302,1
48216,20260224,1
48218,20260226,1
48219,20260304,1
48221,20260304,1
48223,20260303,1
48224,20260305,1
48225,20260224,1
48226,20260228,1
48227,20260305,1
48228,20260228,1
48229,20260305,1
48230,20260302,1
48232,20260305,1
48235,20260227,1
48237,20260303,1
48238,20260305,1
48239,20260225,1
48240,20260228,1
48241,20260227,1
48243,20260225,1
48244,20260228,1
48245,20260302,1
48246,20260304,1
48247,20260224,1
48248,20260224,1
48249,20260302,1
48250,20260228,1
48253,20260303,1
48254,20260305,1
48255,20260228,1
48260,20260302,1
48261,20260305,1
48262,20260226,1
48266,20260302,1
48269,20260302,1
48270,20260305,1
48273,20260226,1
48275,20260303,1
48276,20260303,1
48277,20260301,1
48280,20260227,1
48283,20260225,1
48284,20260304,1
48285,20260227,1
48286,20260227,1
48287,20260305,1
48288,20260301,1
48289,20260228,1
48290,20260304,1
48292,20260225,1
48293,20260227,1
48295,20260224,1
48298,20260225,1
48300,20260228,1
48301,20260224,1
48302,20260301,1
48303,20260225,1
48304,20260226,1
48305,20260302,1
48306,20260302,1
48309,20260226,1
48311,20260301,1
48312,20260305,1
48314,20260304,1
48315,20260225,1
48317,20260304,1
48318,20260304,1
48321,20260228,1
48322,20260224,1
48323,20260301,1
48324,20260226,1
48325,20260226,1
48327,20260227,1
48328,20260304,1
48329,20260301,1
48331,20260301,1
48332,20260224,1
48333,20260304,1
48335,20260226,1
48340,20260226,1
48341,20260304,1
48342,20260226,1
48343,20260304,1
48344,20260227,1
48345,20260225,1
48346,20260224,1
48347,20260224,1
48348,20260225,1
48349,20260227,1
48350,20260305,1
48351,20260225,1
48353,20260227,1
48355,20260302,1
48356,20260302,1
48357,20260305,1
48358,20260225,1
48359,20260224,1
48360,20260301,1
48363,20260305,1
48364,20260226,1
48365,20260305,1
48366,20260305,1
48367,20260304,1
48368,20260305,1
48369,20260305,1
48371,20260303,1
48372,20260225,1
48373,20260305,1
48374,20260224,1
48376,20260305,1
48377,20260225,1
48378,20260303,1
48379,20260226,1
48380,20260305,1
48382,20260303,1
48383,20260303,1
48385,20260225,1
48386,20260303,1
48388,20260304,1
48389,20260304,1
48390,20260303,1
48391,20260303,1
48394,20260302,1
48396,20260224,1
48397,20260228,1
48398,20260305,1
48399,20260226,1
48400,20260301,1
48401,20260228,1
48402,20260301,1
48405,20260226,1
48407,20260227,1
48408,20260301,1
48410,20260302,1
48411,20260302,1
48412,20260225,1
48415,20260224,1
48416,20260227,1
48417,20260228,1
48418,20260302,1
48421,20260301,1
48422,20260303,1
48423,20260225,1
48424,20260227,1
48425,20260224,1
48427,20260228,1
48430,20260225,1
48431,20260301,1
48433,20260301,1
48434,20260303,1
48436,20260303,1
48438,20260303,1
48439,20260226,1
48440,20260227,1
48441,20260302,1
48442,20260226,1
48443,20260304,1
48445,20260304,1
48446,20260304,1
48447,20260225,1
48450,20260227,1
48451,20260301,1
48452,20260225,1
48453,20260226,1
48455,20260228,1
48456,20260302,1
48457,20260302,1
48458,20260227,1
48459,20260227,1
48461,20260303,1
48462,20260301,1
48463,20260303,1
48465,20260225,1
48466,20260301,1
48467,20260225,1
48468,20260303,1
48469,20260225,1
48470,20260224,1
48474,20260316,1
48476,20260313,1
48477,20260318,1
48478,20260318,1
48479,20260309,1
48480,20260313,1
48481,20260313,1
48482,20260308,1
48483,20260312,1
48485,20260318,1
48486,20260309,1
48487,20260312,1
48488,20260309,1
48489,20260306,1
48490,20260317,1
48491,20260319,1
48492,20260309,1
48493,20260310,1
48494,20260314,1
48495,20260319,1
48496,20260309,1
48498,20260319,1
48499,20260312,1
48500,20260310,1
48501,20260310,1
48502,20260306,1
48503,20260319,1
48504,20260319,1
48506,20260315,1
48507,20260319,1
48508,20260313,1
48509,20260317,1
48510,20260308,1
48511,20260310,1
48512,20260313,1
48513,20260311,1
48514,20260314,1
48516,20260311,1
48517,20260317,1
48518,20260309,1
48519,20260316,1
48520,20260306,1
48521,20260306,1
48522,20260309,1
48523,20260319,1
48524,20260312,1
48525,20260306,1
48526,20260318,1
48527,20260309,1
48528,20260307,1
48529,20260312,1
48530,20260306,1
48531,20260315,1
48532,20260309,1
48533,20260307,1
48534,20260311,1
48536,20260311,1
48537,20260311,1
48538,20260314,1
48539,20260317,1
48540,20260318,1
48541,20260313,1
48542,20260312,1
48543,20260315,1
48544,20260313,1
48545,20260316,1
48546,20260318,1
48547,20260307,1
48548,20260309,1
48550,20260307,1
48551,20260317,1
48552,20260314,1
48553,20260313,1
48554,20260316,1
48555,20260309,1
48556,20260319,1
48557,20260306,1
48558,20260319,1
48559,20260306,1
48560,20260306,1
48561,20260318,1
48562,20260311,1
48563,20260309,1
48564,20260313,1
48565,20260306,1
48566,20260307,1
48569,20260311,1
48570,20260306,1
48571,20260318,1
48572,20260315,1
48573,20260306,1
48574,20260315,1
48575,20260308,1
48576,20260310,1
48577,20260310,1
48578,20260315,1
48579,20260314,1
48580,20260317,1
48581,20260318,1
48582,20260313,1
48583,20260314,1
48584,20260310,1
48585,20260312,1
48588,20260311,1
48589,20260317,1
48590,20260309,1
48591,20260312,1
48592,20260310,1
48593,20260311,1
48594,20260308,1
48597,20260314,1
48598,20260307,1
48599,20260319,1
48601,20260306,1
48603,20260307,1
48604,20260306,1
48605,20260309,1
48606,20260309,1
48607,20260310,1
48608,20260317,1
48610,20260307,1
48611,20260313,1
48612,20260314,1
48613,20260315,1
48614,20260312,1
48615,20260308,1
48616,20260306,1
48617,20260318,1
48618,20260317,1
48619,20260316,1
48620,20260314,1
48621,20260307,1
48623,20260317,1
48624,20260314,1
48625,20260315,1
48626,20260309,1
48628,20260307,1
48629,20260308,1
48630,20260310,1
48631,20260318,1
48632,20260315,1
48633,20260310,1
48634,20260316,1
48635,20260316,1
48636,20260314,1
48637,20260312,1
48638,20260310,1
48639,20260312,1
48640,20260313,1
48641,20260315,1
48642,20260317,1
48643,20260319,1
48645,20260311,1
48646,20260312,1
48647,20260315,1
48648,20260311,1
48649,20260312,1
48650,20260310,1
48651,20260317,1
48652,20260318,1
48653,20260315,1
48654,20260312,1
48655,20260311,1
48656,20260311,1
48657,20260311,1
48658,20260309,1
48659,20260313,1
48660,20260316,1
48661,20260309,1
48662,20260314,1
48663,20260318,1
48664,20260309,1
48665,20260310,1
48666,20260309,1
48667,20260318,1
48668,20260316,1
48669,20260306,1
48671,20260319,1
48672,20260316,1
48673,20260310,1
48674,20260309,1
48676,20260309,1
48678,20260315,1
48679,20260319,1
48681,20260311,1
48682,20260306,1
48683,20260311,1
48684,20260316,1
48685,20260307,1
48686,20260316,1
48687,20260318,1
48688,20260315,1
48689,20260319,1
48690,20260307,1
48691,20260307,1
48692,20260317,1
48693,20260311,1
48694,20260312,1
48695,20260318,1
48696,20260319,1
48698,20260312,1
48699,20260311,1
48700,20260319,1
48701,20260312,1
48702,20260319,1
48703,20260318,1
48704,20260311,1
48705,20260316,1
48706,20260316,1
48707,20260317,1
48708,20260312,1
48709,20260313,1
48710,20260312,1
48711,20260316,1
48712,20260311,1
48713,20260313,1
48714,20260313,1
48716,20260310,1
48717,20260318,1
48718,20260307,1
48719,20260310,1
48720,20260310,1
48721,20260310,1
48722,20260317,1
48723,20260316,1
48724,20260308,1
48725,20260318,1
48726,20260306,1
48727,20260308,1
48728,20260316,1
48729,20260316,1
48730,20260309,1
48731,20260311,1
48732,20260317,1
48733,20260319,1
48734,20260308,1
48735,20260316,1
48736,20260312,1
48737,20260319,1
48738,20260308,1
48739,20260307,1
48740,20260319,1
48741,20260308,1
48742,20260312,1
48743,20260313,1
48744,20260312,1
48745,20260312,1
48746,20260306,1
48747,20260319,1
48748,20260311,1
48749,20260309,1
48750,20260307,1
48751,20260306,1
48752,20260313,1
48753,20260308,1
48754,20260312,1
48756,20260306,1
48757,20260306,1
48758,20260314,1
48759,20260312,1
48760,20260309,1
48761,20260312,1
48762,20260319,1
48763,20260313,1
48764,20260310,1
48765,20260317,1
48766,20260314,1
48767,20260318,1
48768,20260313,1
48769,20260316,1
48770,20260308,1
48771,20260314,1
48772,20260313,1
48773,20260317,1
48774,20260306,1
48775,20260307,1
48776,20260316,1
48777,20260318,1
48778,20260308,1
48780,20260307,1
48781,20260315,1
48782,20260318,1
48783,20260308,1
48784,20260311,1
48785,20260314,1
48786,20260308,1
48787,20260319,1
48788,20260316,1
48789,20260306,1
48790,20260317,1
48791,20260310,1
48792,20260311,1
48793,20260312,1
48794,20260316,1
48795,20260308,1
48796,20260310,1
48797,20260313,1
48798,20260317,1
48800,20260315,1
48801,20260317,1
48802,20260314,1
48803,20260315,1
48804,20260316,1
48805,20260319,1
48806,20260317,1
48807,20260318,1
48808,20260319,1
48809,20260317,1
48810,20260316,1
48811,20260309,1
48812,20260319,1
48813,20260310,1
48814,20260309,1
48815,20260317,1
48816,20260313,1
48817,20260308,1
48818,20260308,1
48819,20260317,1
48820,20260318,1
48821,20260313,1
48822,20260315,1
48823,20260314,1
48824,20260310,1
48825,20260310,1
48826,20260316,1
48827,20260307,1
48828,20260311,1
48829,20260308,1
48830,20260318,1
48831,20260311,1
48832,20260315,1
48833,20260313,1
48834,20260318,1
48835,20260310,1
48836,20260307,1
48837,20260306,1
48838,20260319,1
48839,20260317,1
48840,20260318,1
48841,20260313,1
48842,20260313,1
48843,20260316,1
48844,20260310,1
48845,20260314,1
48846,20260311,1
48847,20260317,1
48848,20260315,1
48849,20260306,1
48850,20260314,1
48851,20260306,1
48852,20260324,1
48853,20260402,1
48854,20260323,1
48855,20260330,1
48856,20260323,1
48857,20260323,1
48858,20260328,1
48859,20260331,1
48861,20260324,1
48862,20260331,1
48863,20260322,1
48864,20260331,1
48865,20260329,1
48866,20260330,1
48867,20260331,1
48869,20260320,1
48870,20260328,1
48871,20260328,1
48872,20260326,1
48874,20260324,1
48875,20260325,1
48876,20260323,1
48877,20260328,1
48878,20260323,1
48879,20260331,1
48880,20260323,1
48881,20260327,1
48882,20260322,1
48883,20260401,1
48884,20260401,1
48885,20260320,1
48886,20260327,1
48887,20260321,1
48888,20260324,1
48889,20260330,1
48890,20260401,1
48892,20260402,1
48894,20260323,1
48895,20260329,1
48896,20260321,1
48897,20260320,1
48898,20260324,1
48899,20260327,1
48900,20260402,1
48902,20260321,1
48903,20260327,1
48904,20260322,1
48905,20260324,1
48906,20260402,1
48907,20260325,1
48908,20260320,1
48909,20260327,1
48910,20260331,1
48911,20260322,1
48912,20260324,1
48913,20260320,1
48914,20260322,1
48915,20260401,1
48916,20260325,1
48917,20260330,1
48918,20260323,1
48919,20260326,1
48921,20260326,1
48922,20260325,1
48923,20260322,1
48924,20260401,1
48925,20260322,1
48926,20260323,1
48927,20260324,1
48928,20260323,1
48929,20260327,1
48930,20260331,1
48931,20260402,1
48932,20260326,1
48933,20260402,1
48934,20260323,1
48935,20260401,1
48936,20260327,1
48937,20260322,1
48938,20260323,1
48939,20260402,1
48940,20260323,1
48941,20260328,1
48942,20260320,1
48943,20260324,1
48944,20260322,1
48945,20260320,1
48946,20260402,1
48947,20260401,1
48948,20260326,1
48949,20260323,1
48950,20260324,1
48951,20260325,1
48952,20260328,1
48954,20260320,1
48955,20260326,1
48956,20260328,1
48957,20260330,1
48958,20260321,1
48959,20260331,1
48960,20260402,1
48961,20260323,1
48962,20260326,1
48963,20260325,1
48964,20260325,1
48965,20260320,1
48966,20260326,1
48967,20260402,1
48968,20260324,1
48969,20260328,1
48970,20260328,1
48971,20260323,1
48972,20260321,1
48973,20260322,1
48974,20260402,1
48975,20260329,1
48976,20260401,1
48977,20260327,1
48978,20260401,1
48979,20260321,1
48981,20260330,1
48982,20260330,1
48983,20260323,1
48984,20260327,1
48985,20260324,1
48986,20260330,1
48987,20260401,1
48988,20260329,1
48989,20260321,1
48990,20260330,1
48991,20260327,1
48992,20260330,1
48993,20260320,1
48994,20260327,1
48995,20260320,1
48996,20260326,1
48997,20260327,1
48998,20260327,1
48999,20260328,1
49001,20260321,1
49002,20260402,1
49003,20260330,1
49004,20260327,1
49005,20260327,1
49006,20260330,1
49007,20260322,1
49008,20260328,1
49009,20260401,1
49012,20260329,1
49013,20260331,1
49014,20260331,1
49015,20260324,1
49016,20260330,1
49018,20260324,1
49019,20260331,1
49021,20260321,1
49022,20260401,1
49023,20260330,1
49024,20260330,1
49025,20260326,1
49026,20260324,1
49027,20260320,1
49028,20260327,1
49029,20260324,1
49030,20260330,1
49031,20260321,1
49032,20260324,1
49033,20260330,1
49034,20260325,1
49035,20260326,1
49036,20260324,1
49037,20260326,1
49038,20260326,1
49039,20260327,1
49040,20260331,1
49041,20260320,1
49043,20260323,1
49045,20260327,1
49046,20260401,1
49047,20260402,1
49048,20260402,1
49049,20260328,1
49050,20260401,1
49051,20260401,1
49052,20260320,1
49053,20260329,1
49054,20260320,1
49055,20260330,1
49056,20260320,1
49057,20260331,1
49058,20260323,1
49059,20260401,1
49060,20260328,1
49061,20260327,1
49062,20260402,1
49063,20260326,1
49065,20260328,1
49066,20260331,1
49067,20260331,1
49068,20260328,1
49069,20260331,1
49070,20260329,1
49071,20260326,1
49072,20260330,1
49073,20260402,1
49074,20260326,1
49075,20260320,1
49077,20260320,1
49078,20260326,1
49079,20260330,1
49080,20260331,1
49081,20260323,1
49083,20260327,1
49084,20260325,1
49085,20260331,1
49086,20260331,1
49087,20260401,1
49088,20260325,1
49089,20260331,1
49090,20260325,1
49091,20260323,1
49093,20260325,1
49094,20260331,1
49095,20260321,1
49096,20260322,1
49097,20260326,1
49098,20260329,1
49099,20260321,1
49100,20260322,1
49101,20260330,1
49102,20260327,1
49103,20260325,1
49104,20260322,1
49105,20260331,1
49107,20260326,1
49108,20260330,1
49109,20260402,1
49110,20260401,1
49111,20260401,1
49113,20260322,1
49115,20260324,1
49116,20260401,1
49117,20260328,1
49118,20260402,1
49119,20260325,1
49120,20260326,1
49122,20260326,1
49123,20260324,1
49124,20260402,1
49125,20260331,1
49126,20260325,1
49127,20260330,1
49128,20260320,1
49129,20260324,1
49130,20260323,1
49131,20260402,1
49132,20260402,1
49133,20260325,1
49134,20260323,1
49135,20260325,1
49136,20260327,1
49137,20260320,1
49138,20260328,1
49139,20260324,1
49141,20260331,1
49142,20260327,1
49143,20260402,1
49144,20260329,1
49145,20260328,1
49146,20260401,1
49147,20260320,1
49148,20260329,1
49149,20260325,1
49150,20260401,1
49151,20260331,1
49152,20260324,1
49153,20260320,1
49154,20260327,1
49155,20260326,1
49156,20260325,1
49157,20260402,1
49158,20260323,1
49159,20260329,1
49160,20260324,1
49162,20260330,1
49163,20260326,1
49164,20260401,1
49165,20260320,1
49166,20260324,1
49167,20260329,1
49168,20260402,1
49169,20260401,1
49170,20260330,1
49171,20260401,1
49172,20260321,1
49173,20260326,1
49174,20260323,1
49175,20260321,1
49176,20260402,1
49177,20260327,1
49179,20260321,1
49180,20260330,1
49181,20260328,1
49182,20260402,1
49183,20260329,1
49184,20260326,1
49185,20260321,1
49186,20260329,1
49190,20260401,1
49191,20260325,1
49192,20260327,1
49193,20260325,1
49194,20260323,1
49196,20260322,1
49197,20260325,1
49198,20260320,1
49199,20260320,1
49201,20260331,1
49202,20260320,1
49204,20260330,1
49205,20260329,1
49209,20260322,1
49210,20260331,1
49211,20260325,1
49212,20260324,1
49213,20260325,1
49214,20260321,1
49215,20260329,1
49216,20260329,1
49217,20260328,1
49218,20260324,1
49219,20260326,1
49220,20260323,1
49221,20260327,1
49222,20260322,1
49223,20260325,1
49224,20260329,1
49225,20260320,1
49226,20260325,1
49227,20260325,1
49228,20260402,1
49229,20260326,1
49230,20260401,1
49231,20260413,1
49232,20260409,1
49233,20260403,1
49234,20260416,1
49235,20260407,1
49236,20260410,1
49237,20260403,1
49238,20260403,1
49239,20260414,1
49240,20260403,1
49242,20260411,1
49243,20260403,1
49244,20260415,1
49245,20260406,1
49246,20260414,1
49247,20260404,1
49248,20260405,1
49249,20260414,1
49250,20260409,1
49251,20260411,1
49252,20260412,1
49253,20260408,1
49254,20260414,1
49256,20260408,1
49257,20260409,1
49258,20260409,1
49259,20260405,1
49260,20260404,1
49261,20260403,1
49263,20260406,1
49264,20260406,1
49265,20260404,1
49266,20260411,1
49267,20260407,1
49268,20260403,1
49269,20260414,1
49270,20260404,1
49271,20260406,1
49272,20260406,1
49273,20260413,1
49274,20260406,1
49275,20260406,1
49276,20260412,1
49277,20260408,1
49278,20260403,1
49279,20260406,1
49280,20260404,1
49282,20260403,1
49283,20260413,1
49284,20260408,1
49285,20260408,1
49286,20260413,1
49287,20260404,1
49288,20260413,1
49289,20260411,1
49290,20260409,1
49291,20260408,1
49292,20260407,1
49293,20260408,1
49294,20260406,1
49295,20260415,1
49296,20260411,1
49297,20260416,1
49298,20260410,1
49299,20260408,1
49301,20260405,1
49302,20260416,1
49303,20260409,1
49304,20260414,1
49305,20260411,1
49306,20260413,1
49307,20260403,1
49308,20260403,1
49309,20260408,1
49310,20260416,1
49311,20260411,1
49312,20260410,1
49313,20260406,1
49314,20260407,1
49315,20260412,1
49316,20260409,1
49317,20260410,1
49318,20260403,1
49320,20260410,1
49321,20260415,1
49322,20260410,1
49323,20260415,1
49324,20260406,1
49325,20260410,1
49326,20260404,1
49327,20260410,1
49328,20260416,1
49329,20260408,1
49330,20260413,1
49331,20260407,1
49332,20260415,1
49333,20260416,1
49334,20260416,1
49335,20260415,1
49336,20260405,1
49337,20260407,1
49338,20260405,1
49339,20260411,1
49340,20260414,1
49341,20260403,1
49342,20260416,1
49344,20260404,1
49345,20260410,1
49347,20260409,1
49348,20260408,1
49349,20260404,1
49350,20260416,1
49351,20260410,1
49352,20260408,1
49353,20260407,1
49354,20260406,1
49355,20260406,1
49356,20260409,1
49357,20260416,1
49359,20260405,1
49360,20260403,1
49361,20260412,1
49362,20260407,1
49363,20260405,1
49364,20260403,1
49365,20260409,1
49366,20260413,1
49367,20260403,1
49368,20260414,1
49369,20260407,1
49370,20260415,1
49371,20260416,1
49373,20260410,1
49374,20260413,1
49375,20260404,1
49377,20260405,1
49378,20260416,1
49379,20260409,1
49380,20260409,1
49381,20260409,1
49382,20260404,1
49383,20260411,1
49384,20260412,1
49386,20260406,1
49389,20260416,1
49390,20260415,1
49391,20260414,1
49392,20260413,1
49393,20260409,1
49394,20260407,1
49395,20260408,1
49396,20260412,1
49397,20260416,1
49398,20260407,1
49399,20260403,1
49400,20260407,1
49403,20260407,1
49404,20260415,1
49405,20260406,1
49406,20260410,1
49407,20260412,1
49408,20260412,1
49409,20260408,1
49410,20260407,1
49412,20260414,1
49413,20260407,1
49414,20260408,1
49415,20260415,1
49416,20260415,1
49417,20260410,1
49418,20260409,1
49419,20260412,1
49420,20260414,1
49421,20260413,1
49422,20260413,1
49423,20260407,1
49425,20260407,1
49426,20260414,1
49428,20260408,1
49429,20260411,1
49430,20260415,1
49431,20260413,1
49432,20260414,1
49433,20260404,1
49434,20260405,1
49435,20260416,1
49436,20260415,1
49437,20260414,1
49438,20260416,1
49439,20260409,1
49440,20260403,1
49441,20260412,1
49442,20260404,1
49443,20260404,1
49444,20260404,1
49445,20260410,1
49446,20260406,1
49447,20260411,1
49448,20260415,1
49449,20260409,1
49450,20260411,1
49451,20260409,1
49452,20260407,1
49453,20260414,1
49454,20260409,1
49455,20260416,1
49456,20260411,1
49458,20260416,1
49459,20260412,1
49460,20260410,1
49461,20260415,1
49463,20260415,1
49464,20260408,1
49465,20260406,1
49466,20260413,1
49467,20260409,1
49468,20260413,1
49469,20260414,1
49470,20260405,1
49471,20260405,1
49472,20260407,1
49473,20260409,1
49474,20260413,1
49476,20260407,1
49477,20260413,1
49479,20260407,1
49480,20260407,1
49481,20260414,1
49483,20260409,1
49484,20260411,1
49485,20260416,1
49486,20260414,1
49487,20260416,1
49488,20260407,1
49489,20260406,1
49490,20260414,1
49491,20260416,1
49492,20260409,1
49493,20260406,1
49494,20260410,1
49495,20260406,1
49496,20260405,1
49497,20260414,1
49498,20260413,1
49499,20260406,1
49500,20260410,1
49501,20260404,1
49502,20260408,1
49503,20260413,1
49504,20260410,1
49506,20260407,1
49507,20260416,1
49508,20260415,1
49509,20260413,1
49510,20260403,1
49511,20260412,1
49513,20260409,1
49514,20260416,1
49515,20260403,1
49516,20260403,1
49517,20260411,1
49518,20260415,1
49519,20260411,1
49520,20260414,1
49521,20260405,1
49522,20260406,1
49523,20260410,1
49524,20260414,1
49525,20260403,1
49526,20260406,1
49528,20260412,1
49529,20260415,1
49530,20260411,1
49531,20260410,1
49532,20260410,1
49533,20260408,1
49534,20260408,1
49535,20260404,1
49537,20260416,1
49538,20260414,1
49539,20260415,1
49540,20260415,1
49541,20260403,1
49542,20260414,1
49543,20260413,1
49544,20260408,1
49545,20260412,1
49546,20260403,1
49547,20260403,1
49549,20260406,1
49550,20260410,1
49551,20260412,1
49552,20260408,1
49553,20260416,1
49554,20260415,1
49555,20260415,1
49556,20260414,1
49557,20260405,1
49558,20260412,1
49559,20260406,1
49560,20260408,1
49562,20260413,1
49563,20260412,1
49564,20260408,1
49565,20260413,1
49566,20260415,1
49567,20260416,1
49568,20260405,1
49569,20260410,1
49570,20260409,1
49571,20260416,1
49572,20260413,1
49573,20260410,1
49574,20260410,1
49575,20260407,1
49576,20260406,1
49577,20260408,1
49578,20260410,1
49579,20260408,1
49580,20260409,1
49581,20260413,1
49582,20260411,1
49583,20260411,1
49584,20260415,1
49585,20260412,1
49586,20260410,1
49587,20260403,1
49588,20260413,1
49589,20260407,1
49590,20260405,1
49591,20260405,1
49592,20260404,1
49593,20260414,1
49594,20260405,1
49595,20260403,1
49596,20260413,1
49597,20260415,1
49598,20260414,1
49599,20260408,1
49600,20260412,1
49601,20260409,1
49602,20260407,1
49603,20260415,1
49605,20260405,1
49606,20260427,1
49607,20260420,1
49608,20260428,1
49609,20260426,1
49610,20260429,1
49611,20260422,1
49612,20260418,1
49614,20260428,1
49615,20260418,1
49616,20260417,1
49617,20260427,1
49618,20260430,1
49619,20260417,1
49620,20260428,1
49621,20260421,1
49622,20260430,1
49623,20260417,1
49624,20260429,1
49625,20260423,1
49626,20260428,1
49627,20260428,1
49628,20260429,1
49629,20260426,1
49630,20260429,1
49631,20260420,1
49632,20260423,1
49633,20260417,1
49634,20260422,1
49635,20260419,1
49636,20260419,1
49637,20260420,1
49638,20260427,1
49639,20260421,1
49640,20260426,1
49641,20260424,1
49642,20260430,1
49643,20260420,1
49644,20260421,1
49645,20260427,1
49646,20260428,1
49647,20260417,1
49649,20260422,1
49650,20260428,1
49651,20260424,1
49652,20260425,1
49653,20260421,1
49654,20260420,1
49655,20260427,1
49656,20260417,1
49657,20260425,1
49658,20260420,1
49659,20260420,1
49660,20260417,1
49661,20260429,1
49663,20260429,1
49664,20260430,1
49665,20260417,1
49666,20260422,1
49667,20260428,1
49668,20260421,1
49669,20260430,1
49670,20260424,1
49671,20260420,1
49672,20260423,1
49673,20260421,1
49674,20260430,1
49675,20260428,1
49678,20260430,1
49679,20260418,1
49680,20260428,1
49681,20260418,1
49682,20260421,1
49683,20260419,1
49684,20260418,1
49685,20260429,1
49686,20260419,1
49687,20260420,1
49688,20260423,1
49689,20260417,1
49690,20260420,1
49691,20260424,1
49692,20260426,1
49693,20260430,1
49694,20260429,1
49695,20260424,1
49696,20260426,1
49697,20260422,1
49698,20260423,1
49699,20260418,1
49700,20260430,1
49701,20260423,1
49702,20260424,1
49703,20260427,1
49704,20260430,1
49705,20260423,1
49707,20260422,1
49708,20260425,1
49709,20260427,1
49710,20260417,1
49712,20260425,1
49713,20260421,1
49714,20260424,1
49715,20260426,1
49716,20260427,1
49717,20260420,1
49718,20260417,1
49719,20260422,1
49720,20260426,1
49721,20260430,1
49722,20260423,1
49723,20260419,1
49724,20260430,1
49725,20260425,1
49726,20260419,1
49727,20260425,1
49728,20260419,1
49729,20260421,1
49730,20260425,1
49732,20260427,1
49733,20260418,1
49735,20260429,1
49736,20260420,1
49737,20260423,1
49738,20260418,1
49739,20260429,1
49740,20260429,1
49741,20260425,1
49742,20260422,1
49743,20260418,1
49744,20260430,1
49746,20260419,1
49747,20260424,1
49748,20260421,1
49749,20260420,1
49750,20260426,1
49751,20260427,1
49752,20260424,1
49753,20260425,1
49754,20260420,1
49755,20260427,1
49756,20260422,1
49757,20260429,1
49758,20260426,1
49759,20260423,1
49761,20260429,1
49762,20260423,1
49763,20260424,1
49764,20260422,1
49765,20260417,1
49766,20260421,1
49767,20260423,1
49768,20260423,1
49769,20260428,1
49770,20260428,1
49771,20260426,1
49772,20260422,1
49773,20260429,1
49774,20260417,1
49775,20260420,1
49776,20260424,1
49777,20260420,1
49778,20260418,1
49779,20260422,1
49780,20260421,1
49781,20260419,1
49783,20260430,1
49784,20260427,1
49786,20260417,1
49787,20260427,1
49788,20260427,1
49789,20260419,1
49790,20260419,1
49791,20260421,1
49792,20260417,1
49793,20260425,1
49794,20260422,1
49795,20260426,1
49796,20260422,1
49797,20260429,1
49798,20260422,1
49799,20260421,1
49800,20260419,1
49801,20260425,1
49802,20260419,1
49803,20260419,1
49804,20260424,1
49806,20260429,1
49807,20260418,1
49808,20260426,1
49809,20260422,1
49810,20260430,1
49811,20260428,1
49812,20260430,1
49814,20260428,1
49815,20260427,1
49816,20260418,1
49817,20260428,1
49818,20260420,1
49819,20260422,1
49820,20260419,1
49821,20260423,1
49824,20260422,1
49825,20260421,1
49826,20260424,1
49827,20260420,1
49828,20260424,1
49829,20260418,1
49830,20260429,1
49831,20260421,1
49832,20260417,1
49833,20260418,1
49834,20260428,1
49835,20260420,1
49836,20260426,1
49837,20260421,1
49838,20260424,1
49839,20260423,1
49840,20260427,1
49841,20260430,1
49842,20260429,1
49844,20260430,1
49845,20260418,1
49846,20260429,1
49847,20260423,1
49848,20260430,1
49849,20260421,1
49850,20260419,1
49851,20260424,1
49852,20260424,1
49853,20260425,1
49854,20260426,1
49855,20260421,1
49856,20260426,1
49857,20260423,1
49858,20260427,1
49859,20260428,1
49860,20260430,1
49861,20260428,1
49862,20260422,1
49863,20260423,1
49864,20260423,1
49865,20260425,1
49867,20260429,1
49868,20260417,1
49869,20260423,1
49870,20260417,1
49871,20260419,1
49872,20260427,1
49873,20260419,1
49874,20260423,1
49875,20260422,1
49876,20260423,1
49877,20260429,1
49878,20260427,1
49879,20260420,1
49881,20260425,1
49882,20260424,1
49883,20260422,1
49884,20260423,1
49885,20260427,1
49886,20260420,1
49888,20260427,1
49889,20260422,1
49890,20260419,1
49891,20260425,1
49892,20260421,1
49893,20260418,1
49894,20260421,1
49895,20260421,1
49896,20260430,1
49897,20260422,1
49898,20260418,1
49899,20260426,1
49900,20260420,1
49901,20260418,1
49902,20260428,1
49903,20260417,1
49904,20260429,1
49906,20260424,1
49907,20260421,1
49908,20260417,1
49909,20260430,1
49910,20260422,1
49911,20260428,1
49912,20260429,1
49914,20260418,1
49916,20260420,1
49917,20260428,1
49918,20260420,1
49919,20260428,1
49920,20260427,1
49921,20260421,1
49922,20260426,1
49923,20260429,1
49924,20260424,1
49926,20260421,1
49927,20260423,1
49928,20260420,1
49929,20260421,1
49930,20260424,1
49931,20260422,1
49932,20260430,1
49933,20260426,1
49934,20260430,1
49935,20260430,1
49936,20260425,1
49937,20260429,1
49938,20260427,1
49939,20260424,1
49940,20260422,1
49941,20260430,1
49942,20260419,1
49943,20260427,1
49944,20260428,1
49945,20260425,1
49946,20260417,1
49947,20260428,1
49948,20260417,1
49949,20260424,1
49951,20260425,1
49952,20260427,1
49953,20260425,1
49954,20260417,1
49955,20260428,1
49956,20260429,1
49957,20260426,1
49958,20260420,1
49959,20260427,1
49960,20260423,1
49962,20260423,1
49963,20260417,1
49964,20260417,1
49965,20260424,1
49966,20260422,1
49967,20260425,1
49968,20260427,1
49969,20260429,1
49970,20260420,1
49971,20260418,1
49972,20260423,1
49973,20260430,1
49974,20260421,1
49975,20260424,1
49976,20260424,1
49977,20260428,1
49979,20260426,1
49980,20260417,1
49981,20260424,1
49982,20260428,1
49983,20260417,1
49984,20260513,1
49985,20260514,1
49986,20260501,1
49988,20260504,1
49989,20260502,1
49990,20260505,1
49991,20260512,1
49992,20260510,1
49993,20260501,1
49994,20260512,1
49995,20260511,1
49996,20260511,1
49997,20260512,1
49998,20260511,1
49999,20260501,1
50000,20260514,1
50001,20260503,1
50003,20260508,1
50005,20260507,1
50006,20260512,1
50007,20260510,1
50008,20260508,1
50009,20260504,1
50010,20260507,1
50011,20260513,1
50012,20260506,1
50015,20260507,1
50016,20260506,1
50017,20260505,1
50018,20260511,1
50019,20260508,1
50020,20260507,1
50021,20260513,1
50022,20260513,1
50023,20260503,1
50024,20260502,1
50025,20260507,1
50026,20260509,1
50028,20260509,1
50029,20260510,1
50030,20260504,1
50031,20260513,1
50032,20260514,1
50033,20260503,1
50034,20260509,1
50035,20260513,1
50036,20260512,1
50037,20260506,1
50038,20260514,1
50039,20260509,1
50040,20260514,1
50041,20260514,1
50042,20260506,1
50043,20260513,1
50046,20260505,1
50047,20260514,1
50048,20260513,1
50049,20260505,1
50051,20260514,1
50052,20260514,1
50053,20260512,1
50055,20260512,1
50056,20260510,1
50057,20260506,1
50058,20260512,1
50059,20260510,1
50061,20260506,1
50062,20260510,1
50063,20260506,1
50064,20260508,1
50065,20260504,1
50066,20260508,1
50068,20260513,1
50069,20260507,1
50070,20260513,1
50071,20260510,1
50073,20260504,1
50074,20260505,1
50075,20260514,1
50076,20260512,1
50077,20260508,1
50078,20260504,1
50079,20260509,1
50080,20260505,1
50081,20260508,1
50082,20260514,1
50083,20260506,1
50084,20260507,1
50085,20260512,1
50086,20260506,1
50087,20260511,1
50088,20260508,1
50090,20260511,1
50091,20260506,1
50092,20260506,1
50093,20260504,1
50094,20260505,1
50095,20260508,1
50096,20260508,1
50097,20260507,1
50098,20260505,1
50100,20260504,1
50101,20260511,1
50102,20260508,1
50104,20260513,1
50105,20260511,1
50106,20260514,1
50107,20260512,1
50108,20260509,1
50109,20260506,1
50110,20260514,1
50111,20260512,1
50112,20260513,1
50113,20260507,1
50114,20260512,1
50115,20260505,1
50116,20260503,1
50117,20260509,1
50119,20260511,1
50120,20260510,1
50122,20260509,1
50123,20260504,1
50124,20260514,1
50125,20260511,1
50126,20260511,1
50127,20260507,1
50128,20260513,1
50129,20260506,1
50130,20260513,1
50131,20260508,1
50133,20260505,1
50134,20260507,1
50135,20260504,1
50136,20260504,1
50137,20260510,1
50138,20260508,1
50140,20260506,1
50143,20260512,1
50144,20260512,1
50146,20260514,1
50148,20260511,1
50150,20260511,1
50151,20260512,1
50152,20260504,1
50153,20260508,1
50155,20260508,1
50156,20260503,1
50157,20260510,1
50158,20260502,1
50159,20260508,1
50160,20260504,1
50161,20260513,1
50162,20260511,1
50163,20260507,1
50164,20260512,1
50165,20260507,1
50166,20260507,1
50167,20260509,1
50169,20260513,1
50170,20260511,1
50171,20260507,1
50173,20260506,1
50174,20260507,1
50175,20260512,1
50176,20260514,1
50177,20260510,1
50178,20260509,1
50179,20260508,1
50180,20260505,1
50181,20260511,1
50182,20260506,1
50183,20260509,1
50184,20260507,1
50185,20260506,1
50186,20260506,1
50189,20260514,1
50192,20260506,1
50194,20260503,1
50195,20260513,1
50197,20260505,1
50198,20260507,1
50200,20260514,1
50201,20260507,1
50202,20260513,1
50203,20260511,1
50204,20260507,1
50205,20260508,1
50207,20260505,1
50208,20260506,1
50209,20260511,1
50210,20260509,1
50212,20260514,1
50213,20260508,1
50214,20260503,1
50215,20260510,1
50216,20260508,1
50217,20260506,1
50218,20260510,1
50219,20260512,1
50220,20260512,1
50221,20260503,1
50223,20260505,1
50224,20260503,1
50226,20260510,1
50227,20260511,1
50228,20260510,1
50229,20260505,1
50230,20260512,1
50231,20260504,1
50232,20260511,1
50233,20260509,1
50234,20260507,1
50236,20260513,1
50237,20260505,1
50238,20260509,1
50240,20260512,1
50241,20260505,1
50242,20260511,1
50243,20260505,1
50244,20260507,1
50246,20260513,1
50248,20260503,1
50249,20260504,1
50250,20260505,1
50251,20260510,1
50252,20260512,1
50253,20260513,1
50254,20260505,1
50255,20260513,1
50256,20260514,1
50257,20260511,1
50258,20260514,1
50259,20260514,1
50260,20260505,1
50262,20260510,1
50263,20260504,1
50264,20260511,1
50265,20260509,1
50266,20260507,1
50267,20260511,1
50268,20260505,1
50271,20260505,1
50272,20260514,1
50273,20260504,1
50274,20260511,1
50275,20260504,1
50276,20260508,1
50277,20260514,1
50278,20260514,1
50279,20260505,1
50280,20260507,1
50281,20260513,1
50282,20260509,1
50283,20260504,1
50287,20260501,1
50289,20260512,1
50291,20260506,1
50293,20260509,1
50294,20260508,1
50295,20260508,1
50296,20260504,1
50297,20260511,1
50298,20260510,1
50299,20260504,1
50300,20260504,1
50301,20260509,1
50302,20260508,1
50303,20260506,1
50305,20260509,1
50306,20260507,1
50307,20260513,1
50308,20260504,1
50309,20260513,1
50310,20260510,1
50311,20260504,1
50312,20260505,1
50313,20260504,1
50314,20260510,1
50315,20260512,1
50316,20260514,1
50318,20260512,1
50319,20260505,1
50320,20260503,1
50321,20260506,1
50323,20260508,1
50325,20260507,1
50327,20260506,1
50328,20260514,1
50329,20260508,1
50331,20260514,1
50332,20260513,1
50333,20260509,1
50334,20260504,1
50335,20260511,1
50336,20260505,1
50337,20260506,1
50339,20260504,1
50341,20260502,1
50342,20260513,1
50343,20260507,1
50344,20260508,1
50345,20260506,1
50346,20260508,1
50347,20260512,1
50348,20260516,1
50349,20260528,1
50350,20260515,1
50352,20260518,1
50353,20260525,1
50354,20260527,1
50355,20260526,1
50356,20260527,1
50357,20260515,1
50358,20260523,1
50359,20260525,1
50361,20260527,1
50362,20260520,1
50363,20260515,1
50364,20260521,1
50365,20260519,1
50366,20260518,1
50367,20260517,1
50368,20260522,1
50369,20260528,1
50370,20260517,1
50371,20260520,1
50372,20260517,1
50373,20260527,1
50374,20260525,1
50375,20260518,1
50376,20260528,1
50377,20260525,1
50378,20260523,1
50379,20260517,1
50380,20260522,1
50381,20260517,1
50382,20260526,1
50383,20260524,1
50384,20260527,1
50385,20260515,1
50386,20260515,1
50388,20260518,1
50389,20260528,1
50390,20260519,1
50391,20260516,1
50392,20260525,1
50393,20260528,1
50394,20260525,1
50395,20260523,1
50396,20260525,1
50397,20260520,1
50398,20260524,1
50399,20260525,1
50400,20260522,1
50401,20260516,1
50404,20260515,1
50405,20260526,1
50406,20260520,1
50407,20260515,1
50408,20260519,1
50409,20260525,1
50410,20260525,1
50411,20260515,1
50412,20260528,1
50413,20260527,1
50414,20260518,1
50415,20260517,1
50417,20260520,1
50418,20260519,1
50419,20260515,1
50420,20260517,1
50422,20260526,1
50423,20260521,1
50424,20260519,1
50425,20260516,1
50426,20260516,1
50427,20260526,1
50428,20260522,1
50429,20260523,1
50430,20260522,1
50431,20260526,1
50432,20260523,1
50433,20260520,1
50434,20260525,1
50436,20260526,1
50437,20260518,1
50438,20260527,1
50439,20260516,1
50440,20260518,1
50441,20260524,1
50442,20260522,1
50443,20260522,1
50444,20260517,1
50445,20260524,1
50446,20260527,1
50447,20260521,1
50448,20260516,1
50449,20260521,1
50450,20260523,1
50451,20260521,1
50452,20260524,1
50453,20260522,1
50454,20260524,1
50455,20260526,1
50456,20260522,1
50457,20260528,1
50458,20260528,1
50460,20260520,1
50461,20260526,1
50462,20260525,1
50464,20260521,1
50465,20260518,1
50466,20260525,1
50467,20260527,1
50468,20260527,1
50469,20260521,1
50470,20260519,1
50471,20260523,1
50472,20260525,1
50473,20260519,1
50474,20260516,1
50475,20260516,1
50476,20260520,1
50477,20260522,1
50478,20260527,1
50479,20260517,1
50480,20260519,1
50481,20260519,1
50482,20260522,1
50484,20260520,1
50485,20260518,1
50486,20260528,1
50488,20260524,1
50490,20260519,1
50491,20260525,1
50492,20260528,1
50494,20260522,1
50495,20260526,1
50496,20260520,1
50497,20260515,1
50498,20260526,1
50499,20260527,1
50500,20260518,1
50501,20260528,1
50502,20260516,1
50503,20260522,1
50504,20260515,1
50505,20260521,1
50506,20260528,1
50508,20260517,1
50509,20260528,1
50510,20260528,1
50511,20260521,1
50512,20260527,1
50513,20260517,1
50514,20260522,1
50515,20260515,1
50516,20260527,1
50517,20260519,1
50518,20260515,1
50520,20260526,1
50521,20260515,1
50522,20260521,1
50524,20260528,1
50525,20260521,1
50527,20260515,1
50528,20260521,1
50529,20260528,1
50530,20260521,1
50532,20260528,1
50533,20260519,1
50534,20260516,1
50535,20260521,1
50536,20260527,1
50537,20260521,1
50538,20260516,1
50539,20260525,1
50540,20260518,1
50541,20260518,1
50542,20260525,1
50543,20260524,1
50545,20260528,1
50546,20260528,1
50547,20260523,1
50548,20260523,1
50549,20260517,1
50550,20260522,1
50551,20260518,1
50552,20260521,1
50553,20260525,1
50555,20260523,1
50556,20260523,1
50557,20260522,1
50558,20260516,1
50560,20260522,1
50561,20260516,1
50562,20260518,1
50563,20260526,1
50564,20260523,1
50565,20260519,1
50566,20260517,1
50567,20260523,1
50568,20260524,1
50569,20260526,1
50570,20260528,1
50571,20260515,1
50572,20260518,1
50573,20260520,1
50574,20260518,1
50575,20260521,1
50576,20260515,1
50577,20260524,1
50578,20260520,1
50580,20260515,1
50581,20260519,1
50582,20260517,1
50583,20260526,1
50584,20260523,1
50585,20260517,1
50586,20260526,1
50587,20260515,1
50588,20260518,1
50589,20260527,1
50590,20260518,1
50592,20260519,1
50593,20260526,1
50594,20260526,1
50595,20260522,1
50596,20260518,1
50597,20260525,1
50598,20260525,1
50599,20260525,1
50600,20260525,1
50601,20260520,1
50603,20260527,1
50604,20260527,1
50605,20260515,1
50606,20260519,1
50607,20260525,1
50608,20260528,1
50609,20260520,1
50610,20260517,1
50611,20260524,1
50612,20260522,1
50613,20260528,1
50614,20260516,1
50615,20260526,1
50616,20260515,1
50618,20260524,1
50619,20260527,1
50620,20260526,1
50621,20260519,1
50622,20260520,1
50623,20260522,1
50624,20260526,1
50626,20260521,1
50627,20260527,1
50628,20260524,1
50629,20260519,1
50630,20260519,1
50631,20260523,1
50632,20260528,1
50633,20260522,1
50634,20260521,1
50635,20260527,1
50636,20260521,1
50637,20260524,1
50639,20260523,1
50640,20260516,1
50641,20260518,1
50642,20260517,1
50643,20260521,1
50645,20260521,1
50646,20260515,1
50647,20260518,1
50648,20260518,1
50649,20260520,1
50650,20260526,1
50651,20260525,1
50653,20260524,1
50654,20260526,1
50655,20260520,1
50656,20260520,1
50657,20260520,1
50659,20260520,1
50660,20260526,1
50661,20260524,1
50662,20260520,1
50663,20260525,1
50664,20260525,1
50665,20260517,1
50666,20260519,1
50667,20260520,1
50668,20260521,1
50670,20260521,1
50671,20260520,1
50672,20260521,1
50673,20260528,1
50674,20260518,1
50675,20260523,1
50677,20260522,1
50678,20260527,1
50679,20260522,1
50680,20260519,1
50681,20260517,1
50682,20260523,1
50683,20260518,1
50684,20260516,1
50685,20260519,1
50686,20260521,1
50687,20260522,1
50688,20260526,1
50689,20260517,1
50690,20260527,1
50691,20260524,1
50692,20260518,1
50693,20260526,1
50694,20260527,1
50695,20260518,1
50696,20260519,1
50697,20260523,1
50698,20260519,1
50699,20260522,1
50700,20260515,1
50701,20260524,1
50702,20260527,1
50703,20260528,1
50704,20260515,1
50705,20260515,1
50706,20260527,1
50707,20260524,1
50708,20260516,1
50709,20260525,1
50710,20260523,1
50711,20260518,1
50712,20260524,1
50714,20260520,1
50715,20260521,1
50716,20260520,1
50717,20260519,1
50718,20260520,1
50719,20260519,1
50720,20260528,1
50721,20260519,1
50722,20260525,1
50723,20260520,1
50724,20260522,1
50725,20260522,1
50726,20260610,1
50728,20260602,1
50729,20260530,1
50731,20260606,1
50732,20260529,1
50733,20260609,1
50734,20260531,1
50735,20260609,1
50736,20260603,1
50737,20260602,1
50739,20260605,1
50740,20260609,1
50741,20260605,1
50742,20260606,1
50743,20260529,1
50744,20260531,1
50745,20260605,1
50746,20260603,1
50747,20260529,1
50748,20260602,1
50749,20260602,1
50750,20260603,1
50751,20260602,1
50752,20260601,1
50753,20260529,1
50754,20260605,1
50755,20260610,1
50756,20260609,1
50757,20260603,1
50758,20260610,1
50759,20260608,1
50760,20260529,1
50761,20260609,1
50762,20260611,1
50763,20260606,1
50765,20260602,1
50766,20260608,1
50767,20260531,1
50768,20260529,1
50770,20260611,1
50771,20260601,1
50772,20260605,1
50773,20260609,1
50774,20260609,1
50776,20260602,1
50777,20260603,1
50778,20260611,1
50779,20260531,1
50780,20260604,1
50781,20260531,1
50782,20260605,1
50783,20260603,1
50784,20260530,1
50786,20260601,1
50787,20260530,1
50788,20260603,1
50789,20260604,1
50791,20260604,1
50792,20260606,1
50793,20260604,1
50795,20260604,1
50796,20260529,1
50797,20260601,1
50798,20260603,1
50799,20260611,1
50800,20260530,1
50802,20260602,1
50803,20260529,1
50804,20260530,1
50806,20260531,1
50808,20260529,1
50809,20260610,1
50810,20260605,1
50811,20260609,1
50812,20260608,1
50813,20260604,1
50814,20260611,1
50815,20260611,1
50816,20260603,1
50817,20260611,1
50818,20260607,1
50822,20260602,1
50823,20260607,1
50824,20260529,1
50825,20260611,1
50826,20260601,1
50827,20260601,1
50828,20260608,1
50829,20260607,1
50830,20260604,1
50831,20260602,1
50832,20260609,1
50834,20260610,1
50835,20260601,1
50836,20260610,1
50838,20260610,1
50839,20260530,1
50840,20260531,1
50842,20260602,1
50843,20260610,1
50844,20260602,1
50845,20260604,1
50846,20260608,1
50847,20260529,1
50848,20260603,1
50849,20260611,1
50850,20260607,1
50851,20260608,1
50853,20260610,1
50854,20260531,1
50855,20260609,1
50856,20260609,1
50857,20260606,1
50858,20260603,1
50859,20260601,1
50860,20260611,1
50861,20260610,1
50862,20260608,1
50863,20260529,1
50864,20260605,1
50865,20260609,1
50866,20260609,1
50868,20260608,1
50869,20260604,1
50870,20260611,1
50871,20260603,1
50872,20260609,1
50876,20260529,1
50877,20260601,1
50879,20260609,1
50880,20260610,1
50881,20260610,1
50882,20260605,1
50883,20260601,1
50884,20260531,1
50887,20260529,1
50888,20260601,1
50889,20260605,1
50890,20260609,1
50891,20260610,1
50892,20260603,1
50893,20260603,1
50894,20260529,1
50895,20260607,1
50896,20260604,1
50897,20260607,1
50898,20260604,1
50899,20260604,1
50900,20260609,1
50901,20260530,1
50903,20260529,1
50904,20260602,1
50905,20260531,1
50906,20260601,1
50907,20260601,1
50908,20260604,1
50909,20260605,1
50911,20260611,1
50912,20260611,1
50913,20260602,1
50914,20260601,1
50915,20260603,1
50916,20260605,1
50917,20260607,1
50918,20260610,1
50919,20260608,1
50920,20260529,1
50923,20260611,1
50924,20260529,1
50925,20260604,1
50926,20260607,1
50928,20260605,1
50929,20260605,1
50930,20260604,1
50932,20260603,1
50933,20260601,1
50936,20260602,1
50937,20260602,1
50938,20260607,1
50940,20260603,1
50941,20260531,1
50942,20260608,1
50943,20260604,1
50944,20260604,1
50945,20260610,1
50947,20260606,1
50948,20260530,1
50949,20260604,1
50950,20260604,1
50951,20260609,1
50953,20260601,1
50954,20260611,1
50956,20260607,1
50957,20260609,1
50958,20260601,1
50961,20260608,1
50965,20260606,1
50966,20260606,1
50967,20260609,1
50968,20260605,1
50969,20260610,1
50970,20260602,1
50971,20260610,1
50972,20260603,1
50973,20260603,1
50974,20260611,1
50975,20260602,1
50976,20260605,1
50977,20260529,1
50978,20260604,1
50979,20260611,1
50981,20260611,1
50983,20260610,1
50984,20260608,1
50985,20260531,1
50986,20260604,1
50987,20260605,1
50988,20260608,1
50989,20260611,1
50990,20260605,1
50991,20260611,1
50992,20260607,1
50993,20260602,1
50994,20260607,1
50995,20260610,1
50996,20260529,1
50997,20260607,1
50998,20260531,1
50999,20260605,1
51000,20260608,1
51001,20260605,1
51002,20260605,1
51003,20260608,1
51005,20260605,1
51006,20260605,1
51007,20260604,1
51008,20260601,1
51009,20260601,1
51010,20260611,1
51012,20260609,1
51013,20260530,1
51014,20260608,1
51015,20260611,1
51017,20260611,1
51018,20260610,1
51019,20260609,1
51021,20260608,1
51022,20260611,1
51023,20260529,1
51024,20260602,1
51025,20260531,1
51027,20260602,1
51028,20260605,1
51030,20260610,1
51031,20260609,1
51032,20260606,1
51033,20260531,1
51034,20260529,1
51035,20260529,1
51036,20260603,1
51037,20260531,1
51038,20260607,1
51039,20260531,1
51040,20260604,1
51041,20260601,1
51042,20260607,1
51044,20260610,1
51045,20260609,1
51046,20260530,1
51047,20260611,1
51048,20260604,1
51049,20260529,1
51050,20260601,1
51051,20260530,1
51052,20260605,1
51054,20260609,1
51055,20260601,1
51056,20260608,1
51057,20260611,1
51058,20260606,1
51059,20260607,1
51060,20260604,1
51061,20260602,1
51062,20260608,1
51064,20260603,1
51065,20260602,1
51066,20260604,1
51067,20260603,1
51068,20260601,1
51069,20260602,1
51070,20260607,1
51071,20260601,1
51072,20260601,1
51073,20260610,1
51074,20260607,1
51076,20260602,1
51077,20260608,1
51078,20260602,1
51079,20260610,1
51080,20260608,1
51081,20260608,1
51082,20260610,1
51083,20260609,1
51084,20260607,1
51085,20260603,1
51086,20260608,1
51087,20260605,1
51088,20260531,1
51089,20260530,1
51090,20260608,1
51091,20260606,1
51092,20260607,1
51093,20260529,1
51094,20260603,1
51095,20260603,1
51096,20260531,1
51097,20260606,1
51098,20260608,1
51099,20260603,1
51100,20260601,1
51101,20260610,1
51102,20260529,1
51103,20260531,1
51104,20260608,1
51106,20260616,1
51107,20260622,1
51108,20260613,1
51109,20260619,1
51111,20260613,1
51112,20260612,1
51113,20260613,1
51114,20260617,1
51117,20260614,1
51118,20260618,1
51119,20260621,1
51120,20260625,1
51121,20260620,1
51122,20260625,1
51123,20260623,1
51127,20260612,1
51128,20260614,1
51129,20260618,1
51131,20260612,1
51132,20260617,1
51133,20260625,1
51134,20260622,1
51135,20260622,1
51136,20260619,1
51137,20260615,1
51138,20260618,1
51139,20260625,1
51141,20260617,1
51142,20260625,1
51143,20260618,1
51145,20260618,1
51146,20260618,1
51147,20260622,1
51148,20260622,1
51149,20260615,1
51152,20260614,1
51153,20260616,1
51154,20260625,1
51155,20260618,1
51156,20260623,1
51157,20260615,1
51158,20260624,1
51159,20260616,1
51160,20260624,1
51163,20260624,1
51164,20260622,1
51165,20260622,1
51166,20260615,1
51167,20260623,1
51168,20260615,1
51169,20260617,1
51170,20260617,1
51171,20260623,1
51172,20260616,1
51173,20260614,1
51174,20260615,1
51175,20260622,1
51176,20260612,1
51178,20260617,1
51179,20260612,1
51180,20260615,1
51181,20260617,1
51182,20260622,1
51183,20260619,1
51184,20260623,1
51185,20260615,1
51186,20260623,1
51188,20260625,1
51189,20260620,1
51191,20260617,1
51192,20260622,1
51193,20260622,1
51194,20260619,1
51196,20260621,1
51197,20260616,1
51198,20260612,1
51199,20260614,1
51200,20260622,1
51201,20260612,1
51202,20260619,1
51203,20260612,1
51204,20260621,1
51205,20260616,1
51206,20260614,1
51208,20260616,1
51209,20260616,1
51210,20260619,1
51211,20260615,1
51212,20260617,1
51213,20260615,1
51214,20260617,1
51215,20260612,1
51216,20260624,1
51217,20260621,1
51219,20260621,1
51220,20260613,1
51221,20260617,1
51222,20260616,1
51223,20260622,1
51226,20260612,1
51227,20260618,1
51228,20260612,1
51229,20260616,1
51230,20260617,1
51232,20260625,1
51233,20260619,1
51235,20260615,1
51236,20260616,1
51237,20260615,1
51239,20260624,1
51240,20260625,1
51241,20260612,1
51243,20260623,1
51244,20260618,1
51245,20260622,1
51246,20260625,1
51247,20260618,1
51248,20260615,1
51249,20260625,1
51250,20260618,1
51251,20260619,1
51253,20260618,1
51254,20260625,1
51255,20260616,1
51256,20260613,1
51257,20260614,1
51258,20260618,1
51259,20260619,1
51260,20260615,1
51262,20260612,1
51263,20260623,1
51264,20260625,1
51265,20260618,1
51266,20260624,1
51267,20260622,1
51268,20260624,1
51269,20260617,1
51270,20260616,1
51271,20260621,1
51272,20260624,1
51273,20260625,1
51274,20260613,1
51275,20260623,1
51276,20260620,1
51277,20260619,1
51278,20260623,1
51279,20260619,1
51280,20260612,1
51281,20260623,1
51282,20260618,1
51283,20260625,1
51284,20260616,1
51285,20260612,1
51286,20260615,1
51287,20260621,1
51288,20260617,1
51289,20260617,1
51290,20260625,1
51292,20260623,1
51293,20260619,1
51294,20260612,1
51295,20260623,1
51296,20260615,1
51297,20260623,1
51299,20260616,1
51300,20260621,1
51301,20260616,1
51302,20260624,1
51303,20260612,1
51304,20260620,1
51305,20260622,1
51306,20260616,1
51307,20260624,1
51308,20260617,1
51309,20260623,1
51310,20260622,1
51311,20260618,1
51312,20260618,1
51313,20260622,1
51314,20260622,1
51315,20260619,1
51316,20260622,1
51317,20260615,1
51318,20260612,1
51319,20260623,1
51321,20260623,1
51322,20260622,1
51324,20260619,1
51327,20260618,1
51328,20260615,1
51329,20260619,1
51330,20260612,1
51331,20260615,1
51332,20260623,1
51333,20260618,1
51334,20260624,1
51335,20260621,1
51336,20260625,1
51337,20260619,1
51338,20260612,1
51339,20260619,1
51340,20260625,1
51341,20260619,1
51342,20260618,1
51343,20260624,1
51344,20260615,1
51345,20260621,1
51346,20260617,1
51349,20260624,1
51350,20260613,1
51351,20260621,1
51352,20260621,1
51353,20260621,1
51354,20260616,1
51355,20260614,1
51356,20260619,1
51357,20260625,1
51358,20260612,1
51359,20260616,1
51360,20260614,1
51361,20260612,1
51362,20260614,1
51363,20260624,1
51365,20260616,1
51366,20260619,1
51367,20260625,1
51368,20260623,1
51369,20260617,1
51370,20260612,1
51371,20260619,1
51372,20260614,1
51373,20260614,1
51374,20260620,1
51375,20260618,1
51376,20260613,1
51377,20260616,1
51378,20260617,1
51379,20260613,1
51380,20260622,1
51381,20260615,1
51382,20260621,1
51383,20260613,1
51384,20260620,1
51385,20260625,1
51386,20260617,1
51387,20260623,1
51388,20260624,1
51389,20260617,1
51390,20260624,1
51391,20260624,1
51393,20260618,1
51395,20260615,1
51396,20260625,1
51397,20260614,1
51398,20260616,1
51399,20260614,1
51400,20260624,1
51401,20260614,1
51402,20260622,1
51405,20260617,1
51406,20260620,1
51407,20260620,1
51408,20260613,1
51409,20260624,1
51410,20260621,1
51411,20260624,1
51412,20260625,1
51413,20260614,1
51414,20260624,1
51415,20260620,1
51416,20260612,1
51417,20260620,1
51418,20260617,1
51420,20260619,1
51423,20260622,1
51424,20260619,1
51425,20260622,1
51426,20260613,1
51427,20260615,1
51428,20260622,1
51429,20260623,1
51430,20260618,1
51431,20260617,1
51433,20260623,1
51434,20260624,1
51435,20260621,1
51437,20260624,1
51438,20260619,1
51439,20260614,1
51440,20260612,1
51441,20260620,1
51442,20260621,1
51443,20260619,1
51444,20260617,1
51445,20260621,1
51447,20260619,1
51448,20260624,1
51449,20260616,1
51450,20260616,1
51451,20260620,1
51453,20260625,1
51455,20260615,1
51456,20260621,1
51459,20260623,1
51460,20260625,1
51461,20260616,1
51462,20260618,1
51463,20260614,1
51464,20260618,1
51465,20260615,1
51466,20260624,1
51467,20260625,1
51468,20260617,1
51469,20260624,1
51470,20260612,1
51473,20260623,1
51475,20260623,1
51476,20260616,1
51477,20260623,1
51478,20260614,1
51479,20260614,1
51480,20260621,1
51482,20260615,1
51483,20260618,1
51485,20260628,1
51486,20260703,1
51487,20260630,1
51488,20260702,1
51489,20260709,1
51490,20260708,1
51491,20260706,1
51493,20260708,1
51494,20260629,1
51495,20260706,1
51496,20260626,1
51497,20260702,1
51499,20260628,1
51500,20260705,1
51501,20260708,1
51502,20260705,1
51503,20260706,1
51505,20260626,1
51506,20260708,1
51507,20260702,1
51508,20260627,1
51509,20260705,1
51511,20260708,1
51512,20260630,1
51513,20260703,1
51514,20260630,1
51515,20260703,1
51516,20260702,1
51517,20260629,1
51518,20260630,1
51519,20260701,1
51520,20260626,1
51521,20260706,1
51522,20260628,1
51523,20260703,1
51524,20260707,1
51525,20260703,1
51526,20260704,1
51527,20260709,1
51528,20260627,1
51529,20260630,1
51530,20260702,1
51531,20260709,1
51532,20260707,1
51533,20260701,1
51535,20260701,1
51536,20260629,1
51537,20260628,1
51538,20260629,1
51539,20260629,1
51540,20260626,1
51541,20260630,1
51542,20260629,1
51543,20260702,1
51544,20260703,1
51545,20260702,1
51546,20260708,1
51547,20260702,1
51548,20260702,1
51549,20260704,1
51550,20260705,1
51551,20260626,1
51553,20260702,1
51554,20260705,1
51555,20260629,1
51556,20260630,1
51557,20260626,1
51558,20260629,1
51559,20260626,1
51560,20260704,1
51561,20260706,1
51562,20260703,1
51563,20260627,1
51566,20260701,1
51567,20260627,1
51568,20260703,1
51569,20260709,1
51570,20260705,1
51571,20260702,1
51572,20260709,1
51573,20260703,1
51574,20260630,1
51575,20260709,1
51576,20260702,1
51577,20260708,1
51578,20260626,1
51580,20260629,1
51581,20260629,1
51582,20260630,1
51584,20260626,1
51585,20260706,1
51586,20260709,1
51587,20260706,1
51588,20260701,1
51589,20260629,1
51590,20260701,1
51591,20260707,1
51592,20260707,1
51593,20260705,1
51594,20260706,1
51595,20260708,1
51597,20260708,1
51598,20260706,1
51599,20260705,1
51600,20260626,1
51601,20260627,1
51602,20260629,1
51603,20260628,1
51604,20260627,1
51605,20260707,1
51608,20260708,1
51609,20260701,1
51610,20260706,1
51611,20260630,1
51612,20260629,1
51613,20260705,1
51614,20260708,1
51615,20260706,1
51617,20260708,1
51618,20260708,1
51619,20260707,1
51620,20260704,1
51621,20260703,1
51622,20260704,1
51623,20260702,1
51624,20260706,1
51626,20260704,1
51627,20260705,1
51628,20260706,1
51629,20260707,1
51631,20260701,1
51632,20260708,1
51633,20260628,1
51634,20260701,1
51635,20260630,1
51636,20260627,1
51637,20260709,1
51638,20260709,1
51639,20260628,1
51640,20260701,1
51641,20260701,1
51642,20260701,1
51643,20260709,1
51644,20260709,1
51645,20260626,1
51646,20260701,1
51647,20260627,1
51648,20260702,1
51649,20260627,1
51650,20260705,1
51651,20260707,1
51652,20260708,1
51653,20260627,1
51654,20260709,1
51655,20260709,1
51656,20260706,1
51657,20260626,1
51658,20260706,1
51659,20260709,1
51660,20260626,1
51661,20260708,1
51662,20260628,1
51663,20260627,1
51664,20260626,1
51665,20260706,1
51666,20260704,1
51667,20260707,1
51668,20260701,1
51669,20260626,1
51670,20260708,1
51671,20260703,1
51672,20260706,1
51673,20260709,1
51674,20260708,1
51675,20260708,1
51676,20260708,1
51677,20260706,1
51678,20260704,1
51679,20260629,1
51680,20260702,1
51681,20260628,1
51682,20260709,1
51683,20260701,1
51684,20260704,1
51685,20260629,1
51686,20260702,1
51687,20260628,1
51688,20260629,1
51689,20260706,1
51690,20260707,1
51691,20260630,1
51692,20260628,1
51693,20260709,1
51694,20260630,1
51695,20260626,1
51696,20260707,1
51697,20260703,1
51698,20260703,1
51699,20260705,1
51700,20260708,1
51701,20260708,1
51703,20260704,1
51704,20260701,1
51705,20260626,1
51706,20260628,1
51707,20260630,1
51708,20260707,1
51709,20260703,1
51711,20260701,1
51712,20260703,1
51713,20260704,1
51714,20260628,1
51715,20260708,1
51716,20260705,1
51717,20260707,1
51718,20260707,1
51719,20260706,1
51720,20260704,1
51721,20260707,1
51722,20260709,1
51723,20260703,1
51724,20260707,1
51725,20260709,1
51726,20260704,1
51727,20260627,1
51728,20260705,1
51729,20260701,1
51730,20260626,1
51731,20260707,1
51732,20260705,1
51733,20260703,1
51734,20260630,1
51735,20260701,1
51736,20260705,1
51737,20260629,1
51738,20260705,1
51740,20260629,1
51742,20260707,1
51743,20260628,1
51744,20260630,1
51745,20260626,1
51746,20260629,1
51747,20260703,1
51748,20260630,1
51749,20260708,1
51750,20260704,1
51751,20260704,1
51752,20260628,1
51753,20260626,1
51754,20260626,1
51755,20260705,1
51756,20260703,1
51757,20260701,1
51758,20260709,1
51759,20260626,1
51760,20260702,1
51762,20260709,1
51763,20260707,1
51764,20260704,1
51765,20260701,1
51766,20260703,1
51767,20260630,1
51768,20260701,1
51769,20260628,1
51770,20260629,1
51771,20260627,1
51772,20260709,1
51774,20260702,1
51775,20260707,1
51776,20260702,1
51777,20260629,1
51778,20260628,1
51779,20260630,1
51780,20260629,1
51781,20260702,1
51782,20260626,1
51783,20260626,1
51784,20260707,1
51785,20260627,1
51786,20260702,1
51787,20260701,1
51789,20260707,1
51790,20260707,1
51791,20260629,1
51792,20260629,1
51793,20260707,1
51794,20260705,1
51795,20260627,1
51796,20260703,1
51797,20260630,1
51798,20260702,1
51799,20260706,1
51800,20260626,1
51801,20260627,1
51803,20260704,1
51804,20260627,1
51805,20260627,1
51806,20260703,1
51807,20260703,1
51808,20260701,1
51809,20260627,1
51811,20260627,1
51812,20260701,1
51814,20260628,1
51815,20260706,1
51816,20260704,1
51818,20260630,1
51819,20260702,1
51820,20260702,1
51821,20260706,1
51822,20260702,1
51823,20260707,1
51824,20260709,1
51825,20260704,1
51826,20260629,1
51827,20260708,1
51828,20260705,1
51829,20260704,1
51830,20260703,1
51831,20260626,1
51832,20260630,1
51833,20260709,1
51834,20260703,1
51835,20260706,1
51837,20260706,1
51838,20260628,1
51839,20260630,1
51840,20260630,1
51841,20260628,1
51842,20260709,1
51843,20260630,1
51844,20260714,1
51845,20260715,1
51846,20260722,1
51847,20260710,1
51848,20260714,1
51849,20260710,1
51850,20260713,1
51851,20260721,1
51852,20260723,1
51853,20260722,1
51854,20260722,1
51855,20260712,1
51856,20260717,1
51857,20260721,1
51858,20260715,1
51859,20260710,1
51860,20260720,1
51861,20260721,1
51862,20260710,1
51863,20260711,1
51864,20260713,1
51865,20260723,1
51866,20260719,1
51867,20260720,1
51868,20260715,1
51869,20260712,1
51870,20260718,1
51871,20260719,1
51872,20260720,1
51873,20260717,1
51874,20260722,1
51875,20260720,1
51876,20260710,1
51877,20260722,1
51878,20260713,1
51879,20260719,1
51880,20260714,1
51881,20260723,1
51882,20260716,1
51883,20260723,1
51884,20260715,1
51885,20260710,1
51886,20260720,1
51887,20260720,1
51888,20260717,1
51889,20260713,1
51890,20260710,1
51891,20260723,1
51892,20260713,1
51893,20260723,1
51894,20260717,1
51895,20260710,1
51896,20260716,1
51898,20260712,1
51899,20260714,1
51900,20260714,1
51901,20260715,1
51902,20260716,1
51903,20260711,1
51904,20260716,1
51905,20260712,1
51906,20260714,1
51907,20260720,1
51908,20260717,1
51909,20260721,1
51910,20260714,1
51911,20260721,1
51912,20260716,1
51914,20260719,1
51915,20260710,1
51916,20260719,1
51917,20260713,1
51918,20260721,1
51919,20260720,1
51920,20260720,1
51921,20260711,1
51922,20260719,1
51923,20260721,1
51924,20260714,1
51925,20260718,1
51926,20260722,1
51927,20260723,1
51928,20260721,1
51929,20260719,1
51930,20260715,1
51931,20260718,1
51932,20260723,1
51933,20260717,1
51934,20260716,1
51935,20260714,1
51938,20260722,1
51940,20260723,1
51942,20260714,1
51943,20260719,1
51944,20260713,1
51945,20260717,1
51946,20260717,1
51947,20260723,1
51948,20260715,1
51949,20260719,1
51950,20260723,1
51951,20260716,1
51952,20260716,1
51953,20260710,1
51954,20260713,1
51955,20260720,1
51956,20260712,1
51957,20260717,1
51958,20260710,1
51959,20260713,1
51960,20260713,1
51961,20260710,1
51962,20260714,1
51963,20260715,1
51964,20260721,1
51965,20260712,1
51966,20260719,1
51968,20260722,1
51969,20260718,1
51970,20260712,1
51971,20260715,1
51972,20260715,1
51973,20260717,1
51974,20260723,1
51975,20260723,1
51976,20260716,1
51977,20260712,1
51978,20260710,1
51979,20260710,1
51980,20260715,1
51981,20260712,1
51982,20260721,1
51983,20260721,1
51984,20260720,1
51985,20260721,1
51986,20260711,1
51987,20260711,1
51988,20260717,1
51989,20260714,1
51990,20260710,1
51991,20260711,1
51992,20260712,1
51993,20260720,1
51994,20260721,1
51995,20260715,1
51996,20260714,1
51997,20260718,1
51998,20260723,1
51999,20260722,1
52000,20260711,1
52002,20260723,1
52003,20260713,1
52004,20260714,1
52005,20260718,1
52006,20260711,1
52008,20260720,1
52010,20260716,1
52011,20260710,1
52012,20260710,1
52015,20260718,1
52016,20260717,1
52017,20260714,1
52018,20260713,1
52019,20260720,1
52021,20260718,1
52022,20260715,1
52023,20260718,1
52024,20260722,1
52026,20260720,1
52027,20260717,1
52028,20260723,1
52029,20260722,1
52030,20260721,1
52031,20260716,1
52032,20260723,1
52033,20260720,1
52034,20260717,1
52035,20260710,1
52036,20260712,1
52037,20260722,1
52038,20260717,1
52039,20260713,1
52040,20260715,1
52042,20260711,1
52043,20260719,1
52044,20260722,1
52045,20260715,1
52046,20260723,1
52047,20260713,1
52048,20260722,1
52049,20260716,1
52050,20260720,1
52051,20260714,1
52052,20260720,1
52053,20260722,1
52054,20260712,1
52055,20260713,1
52056,20260717,1
52057,20260722,1
52058,20260723,1
52059,20260715,1
52061,20260722,1
52062,20260720,1
52063,20260721,1
52064,20260719,1
52065,20260715,1
52066,20260717,1
52067,20260723,1
52068,20260719,1
52069,20260716,1
52070,20260715,1
52071,20260716,1
52072,20260721,1
52073,20260721,1
52074,20260711,1
52075,20260718,1
52076,20260720,1
52077,20260713,1
52078,20260723,1
52079,20260713,1
52080,20260711,1
52081,20260714,1
52082,20260713,1
52083,20260716,1
52084,20260716,1
52085,20260721,1
52086,20260723,1
52087,20260711,1
52088,20260715,1
52089,20260721,1
52090,20260714,1
52091,20260721,1
52092,20260715,1
52093,20260717,1
52094,20260719,1
52095,20260717,1
52096,20260719,1
52097,20260722,1
52098,20260718,1
52099,20260719,1
52100,20260711,1
52101,20260716,1
52102,20260721,1
52103,20260722,1
52104,20260712,1
52105,20260722,1
52106,20260718,1
52107,20260716,1
52109,20260716,1
52110,20260713,1
52111,20260716,1
52112,20260716,1
52113,20260710,1
52114,20260720,1
52115,20260714,1
52116,20260718,1
52117,20260720,1
52118,20260721,1
52119,20260713,1
52120,20260712,1
52121,20260721,1
52123,20260713,1
52124,20260712,1
52125,20260715,1
52126,20260722,1
52127,20260715,1
52128,20260723,1
52129,20260722,1
52130,20260717,1
52131,20260719,1
52132,20260714,1
52133,20260718,1
52134,20260719,1
52135,20260715,1
52136,20260711,1
52137,20260714,1
52138,20260719,1
52139,20260722,1
52140,20260712,1
52141,20260720,1
52142,20260717,1
52143,20260723,1
52144,20260717,1
52145,20260718,1
52146,20260716,1
52147,20260718,1
52148,20260711,1
52149,20260717,1
52150,20260710,1
52151,20260720,1
52152,20260711,1
52154,20260718,1
52156,20260711,1
52158,20260718,1
52159,20260722,1
52160,20260717,1
52161,20260711,1
52162,20260716,1
52164,20260723,1
52165,20260720,1
52166,20260712,1
52167,20260714,1
52168,20260710,1
52169,20260713,1
52170,20260722,1
52171,20260713,1
52172,20260713,1
52173,20260718,1
52174,20260711,1
52176,20260710,1
52177,20260712,1
52178,20260713,1
52179,20260723,1
52180,20260717,1
52181,20260711,1
52182,20260710,1
52183,20260714,1
52184,20260721,1
52185,20260716,1
52186,20260720,1
52187,20260715,1
52188,20260714,1
52189,20260721,1
52190,20260721,1
52191,20260720,1
52192,20260716,1
52193,20260710,1
52194,20260712,1
52195,20260721,1
52196,20260722,1
52197,20260713,1
52198,20260714,1
52199,20260715,1
52200,20260710,1
52201,20260714,1
52202,20260720,1
52203,20260719,1
52204,20260723,1
52205,20260721,1
52207,20260722,1
52208,20260714,1
52209,20260712,1
52210,20260722,1
52211,20260718,1
52212,20260723,1
52213,20260714,1
52214,20260731,1
52215,20260803,1
52216,20260726,1
52217,20260730,1
52218,20260727,1
52220,20260801,1
52221,20260730,1
52222,20260724,1
52224,20260724,1
52225,20260724,1
52226,20260730,1
52227,20260801,1
52228,20260731,1
52229,20260729,1
52230,20260727,1
52231,20260724,1
52232,20260801,1
52233,20260729,1
52234,20260730,1
52235,20260731,1
52236,20260730,1
52237,20260729,1
52238,20260804,1
52239,20260727,1
52240,20260728,1
52241,20260802,1
52242,20260806,1
52243,20260727,1
52245,20260724,1
52246,20260731,1
52247,20260801,1
52248,20260804,1
52249,20260724,1
52250,20260730,1
52251,20260730,1
52252,20260802,1
52253,20260805,1
52254,20260729,1
52255,20260805,1
52256,20260805,1
52257,20260803,1
52258,20260728,1
52259,20260731,1
52260,20260805,1
52261,20260730,1
52262,20260803,1
52263,20260724,1
52264,20260804,1
52265,20260730,1
52266,20260803,1
52267,20260802,1
52268,20260802,1
52269,20260802,1
52270,20260726,1
52272,20260730,1
52273,20260731,1
52274,20260729,1
52275,20260725,1
52276,20260724,1
52277,20260727,1
52278,20260730,1
52279,20260724,1
52280,20260728,1
52281,20260726,1
52282,20260725,1
52283,20260725,1
52284,20260730,1
52285,20260728,1
52286,20260804,1
52287,20260731,1
52288,20260801,1
52289,20260731,1
52290,20260805,1
52291,20260802,1
52292,20260728,1
52293,20260801,1
52294,20260803,1
52295,20260726,1
52296,20260730,1
52298,20260724,1
52299,20260802,1
52300,20260725,1
52301,20260803,1
52302,20260801,1
52303,20260730,1
52304,20260730,1
52305,20260727,1
52306,20260806,1
52307,20260724,1
52308,20260727,1
52309,20260804,1
52310,20260725,1
52311,20260801,1
52312,20260803,1
52313,20260803,1
52314,20260803,1
52315,20260730,1
52316,20260804,1
52317,20260728,1
52318,20260728,1
52319,20260724,1
52320,20260729,1
52321,20260728,1
52322,20260806,1
52323,20260804,1
52324,20260724,1
52325,20260729,1
52326,20260726,1
52327,20260729,1
52328,20260727,1
52329,20260806,1
52330,20260730,1
52331,20260727,1
52332,20260727,1
52333,20260724,1
52334,20260806,1
52335,20260731,1
52336,20260726,1
52337,20260728,1
52338,20260728,1
52339,20260806,1
52340,20260805,1
52341,20260805,1
52342,20260728,1
52343,20260801,1
52344,20260806,1
52345,20260725,1
52346,20260725,1
52348,20260729,1
52349,20260804,1
52351,20260801,1
52352,20260727,1
52353,20260801,1
52354,20260805,1
52355,20260802,1
52356,20260803,1
52357,20260804,1
52358,20260805,1
52359,20260726,1
52360,20260806,1
52361,20260803,1
52362,20260801,1
52363,20260802,1
52364,20260806,1
52365,20260805,1
52366,20260802,1
52367,20260724,1
52368,20260729,1
52369,20260727,1
52370,20260727,1
52371,20260802,1
52372,20260730,1
52373,20260806,1
52374,20260730,1
52375,20260726,1
52376,20260727,1
52377,20260725,1
52378,20260802,1
52379,20260803,1
52380,20260805,1
52381,20260729,1
52382,20260725,1
52383,20260804,1
52384,20260805,1
52385,20260802,1
52386,20260806,1
52387,20260730,1
52388,20260726,1
52389,20260804,1
52390,20260727,1
52391,20260803,1
52392,20260802,1
52393,20260731,1
52394,20260803,1
52395,20260804,1
52396,20260728,1
52397,20260803,1
52398,20260806,1
52399,20260805,1
52400,20260804,1
52402,20260803,1
52403,20260726,1
52405,20260726,1
52406,20260728,1
52407,20260724,1
52408,20260728,1
52409,20260806,1
52410,20260728,1
52411,20260801,1
52412,20260725,1
52413,20260806,1
52414,20260729,1
52415,20260728,1
52416,20260804,1
52417,20260729,1
52418,20260724,1
52419,20260804,1
52420,20260805,1
52421,20260727,1
52422,20260728,1
52423,20260729,1
52424,20260731,1
52425,20260726,1
52426,20260729,1
52427,20260730,1
52428,20260724,1
52429,20260727,1
52430,20260727,1
52431,20260724,1
52432,20260802,1
52433,20260803,1
52434,20260804,1
52435,20260803,1
52436,20260804,1
52437,20260803,1
52438,20260804,1
52439,20260801,1
52440,20260805,1
52441,20260727,1
52442,20260728,1
52443,20260802,1
52444,20260726,1
52445,20260727,1
52446,20260731,1
52447,20260805,1
52448,20260802,1
52449,20260731,1
52451,20260726,1
52452,20260803,1
52453,20260728,1
52454,20260731,1
52456,20260729,1
52457,20260804,1
52458,20260725,1
52459,20260804,1
52460,20260727,1
52461,20260806,1
52462,20260802,1
52463,20260727,1
52464,20260805,1
52465,20260728,1
52466,20260806,1
52467,20260729,1
52468,20260801,1
52469,20260729,1
52471,20260729,1
52472,20260724,1
52473,20260804,1
52474,20260806,1
52475,20260731,1
52476,20260727,1
52477,20260725,1
52478,20260731,1
52479,20260731,1
52480,20260726,1
52481,20260730,1
52482,20260806,1
52483,20260726,1
52484,20260724,1
52485,20260731,1
52486,20260731,1
52487,20260804,1
52489,20260801,1
52490,20260801,1
52491,20260729,1
52492,20260805,1
52493,20260725,1
52494,20260731,1
52495,20260724,1
52496,20260730,1
52497,20260726,1
52498,20260724,1
52500,20260725,1
52501,20260728,1
52502,20260805,1
52503,20260803,1
52504,20260806,1
52505,20260806,1
52506,20260726,1
52507,20260805,1
52508,20260804,1
52509,20260806,1
52510,20260805,1
52511,20260731,1
52512,20260725,1
52513,20260804,1
52514,20260727,1
52515,20260806,1
52516,20260728,1
52517,20260728,1
52518,20260801,1
52519,20260727,1
52520,20260725,1
52521,20260806,1
52522,20260806,1
52523,20260724,1
52524,20260724,1
52525,20260806,1
52526,20260801,1
52527,20260806,1
52528,20260805,1
52529,20260729,1
52531,20260731,1
52532,20260728,1
52534,20260729,1
52535,20260728,1
52536,20260724,1
52537,20260724,1
52538,20260725,1
52539,20260805,1
52540,20260803,1
52541,20260805,1
52542,20260731,1
52543,20260725,1
52544,20260726,1
52545,20260724,1
52546,20260731,1
52547,20260805,1
52548,20260731,1
52550,20260730,1
52551,20260729,1
52552,20260731,1
52553,20260801,1
52554,20260727,1
52555,20260729,1
52556,20260728,1
52557,20260729,1
52558,20260729,1
52559,20260730,1
52560,20260803,1
52561,20260728,1
52562,20260730,1
52563,20260726,1
52564,20260731,1
52565,20260804,1
52566,20260803,1
52567,20260804,1
52568,20260806,1
52569,20260729,1
52570,20260803,1
52571,20260803,1
52572,20260804,1
52573,20260725,1
52574,20260804,1
52575,20260727,1
52576,20260803,1
52577,20260730,1
52578,20260802,1
52579,20260805,1
52580,20260806,1
52581,20260731,1
52582,20260805,1
52583,20260725,1
52584,20260805,1
52585,20260727,1
52586,20260729,1
52587,20260728,1
52589,20260803,1
52590,20260802,1
52591,20260730,1
52592,20260817,1
52593,20260809,1
52594,20260813,1
52595,20260811,1
52596,20260811,1
52597,20260810,1
52598,20260816,1
52599,20260820,1
52600,20260819,1
52601,20260811,1
52602,20260819,1
52603,20260812,1
52605,20260807,1
52606,20260817,1
52607,20260813,1
52608,20260817,1
52609,20260820,1
52610,20260811,1
52611,20260812,1
52612,20260816,1
52613,20260809,1
52614,20260811,1
52615,20260807,1
52616,20260812,1
52617,20260811,1
52618,20260816,1
52619,20260818,1
52620,20260817,1
52621,20260815,1
52622,20260813,1
52623,20260811,1
52624,20260816,1
52625,20260820,1
52626,20260813,1
52627,20260810,1
52628,20260807,1
52629,20260815,1
52630,20260819,1
52631,20260820,1
52632,20260813,1
52633,20260809,1
52634,20260812,1
52635,20260813,1
52636,20260814,1
52637,20260816,1
52638,20260808,1
52640,20260807,1
52641,20260816,1
52642,20260818,1
52643,20260810,1
52644,20260813,1
52645,20260809,1
52646,20260814,1
52647,20260811,1
52648,20260820,1
52649,20260808,1
52650,20260816,1
52651,20260817,1
52652,20260810,1
52653,20260818,1
52654,20260813,1
52655,20260818,1
52656,20260816,1
52657,20260807,1
52658,20260810,1
52659,20260820,1
52660,20260819,1
52661,20260819,1
52662,20260810,1
52663,20260815,1
52664,20260814,1
52666,20260818,1
52667,20260817,1
52668,20260809,1
52669,20260818,1
52670,20260816,1
52671,20260815,1
52672,20260811,1
52673,20260810,1
52674,20260820,1
52675,20260817,1
52676,20260812,1
52677,20260812,1
52678,20260811,1
52679,20260818,1
52680,20260807,1
52681,20260814,1
52682,20260811,1
52683,20260812,1
52684,20260808,1
52685,20260820,1
52686,20260807,1
52687,20260817,1
52688,20260810,1
52689,20260812,1
52690,20260819,1
52691,20260811,1
52692,20260809,1
52693,20260811,1
52694,20260817,1
52695,20260814,1
52696,20260810,1
52698,20260819,1
52699,20260820,1
52700,20260820,1
52701,20260818,1
52702,20260818,1
52703,20260812,1
52704,20260814,1
52705,20260819,1
52706,20260820,1
52707,20260814,1
52708,20260818,1
52709,20260808,1
52710,20260814,1
52711,20260810,1
52712,20260813,1
52713,20260817,1
52715,20260820,1
52716,20260814,1
52717,20260814,1
52718,20260818,1
52719,20260819,1
52720,20260818,1
52721,20260811,1
52722,20260813,1
52723,20260809,1
52724,20260811,1
52725,20260813,1
52728,20260813,1
52729,20260817,1
52730,20260818,1
52731,20260815,1
52732,20260819,1
52733,20260815,1
52734,20260815,1
52735,20260814,1
52737,20260807,1
52738,20260818,1
52739,20260818,1
52740,20260813,1
52741,20260812,1
52742,20260813,1
52743,20260813,1
52744,20260818,1
52746,20260807,1
52747,20260817,1
52748,20260807,1
52749,20260818,1
52750,20260816,1
52751,20260813,1
52752,20260812,1
52753,20260807,1
52754,20260811,1
52755,20260814,1
52756,20260810,1
52757,20260810,1
52758,20260816,1
52759,20260807,1
52760,20260814,1
52761,20260819,1
52762,20260811,1
52763,20260812,1
52764,20260819,1
52765,20260807,1
52766,20260814,1
52767,20260820,1
52769,20260812,1
52770,20260818,1
52771,20260809,1
52772,20260817,1
52773,20260819,1
52776,20260812,1
52777,20260813,1
52778,20260813,1
52779,20260811,1
52780,20260817,1
52781,20260819,1
52782,20260810,1
52783,20260817,1
52784,20260820,1
52785,20260819,1
52786,20260818,1
52787,20260819,1
52788,20260810,1
52789,20260819,1
52790,20260808,1
52791,20260816,1
52792,20260812,1
52793,20260810,1
52794,20260811,1
52795,20260817,1
52797,20260813,1
52798,20260810,1
52799,20260820,1
52800,20260810,1
52801,20260810,1
52802,20260811,1
52803,20260817,1
52804,20260814,1
52805,20260817,1
52806,20260815,1
52807,20260816,1
52808,20260819,1
52809,20260808,1
52810,20260812,1
52811,20260820,1
52812,20260817,1
52813,20260812,1
52814,20260819,1
52815,20260809,1
52816,20260807,1
52817,20260809,1
52818,20260815,1
52819,20260808,1
52820,20260813,1
52821,20260812,1
52822,20260814,1
52823,20260813,1
52824,20260812,1
52825,20260812,1
52826,20260814,1
52827,20260810,1
52828,20260818,1
52829,20260820,1
52830,20260818,1
52831,20260817,1
52832,20260814,1
52833,20260813,1
52834,20260815,1
52835,20260810,1
52836,20260809,1
52837,20260808,1
52838,20260815,1
52839,20260816,1
52840,20260820,1
52841,20260815,1
52842,20260808,1
52843,20260818,1
52844,20260808,1
52845,20260815,1
52846,20260808,1
52847,20260820,1
52848,20260820,1
52849,20260807,1
52850,20260810,1
52851,20260814,1
52852,20260810,1
52853,20260814,1
52854,20260812,1
52855,20260807,1
52856,20260814,1
52857,20260809,1
52858,20260807,1
52859,20260809,1
52860,20260812,1
52861,20260811,1
52862,20260819,1
52863,20260812,1
52864,20260808,1
52865,20260815,1
52866,20260813,1
52867,20260820,1
52868,20260815,1
52869,20260812,1
52870,20260814,1
52871,20260813,1
52872,20260819,1
52873,20260818,1
52874,20260807,1
52877,20260813,1
52879,20260808,1
52880,20260807,1
52881,20260808,1
52882,20260809,1
52883,20260814,1
52884,20260816,1
52885,20260817,1
52886,20260814,1
52887,20260816,1
52888,20260820,1
52889,20260820,1
52890,20260808,1
52891,20260809,1
52892,20260809,1
52893,20260811,1
52894,20260812,1
52895,20260819,1
52896,20260814,1
52897,20260812,1
52898,20260809,1
52899,20260819,1
52900,20260815,1
52901,20260810,1
52902,20260816,1
52903,20260808,1
52904,20260818,1
52905,20260812,1
52906,20260816,1
52907,20260820,1
52908,20260811,1
52909,20260818,1
52910,20260808,1
52911,20260819,1
52912,20260807,1
52913,20260807,1
52914,20260815,1
52915,20260817,1
52916,20260816,1
52917,20260815,1
52918,20260807,1
52919,20260809,1
52920,20260818,1
52921,20260809,1
52922,20260808,1
52923,20260807,1
52924,20260817,1
52925,20260820,1
52926,20260807,1
52927,20260817,1
52928,20260818,1
52929,20260808,1
52930,20260819,1
52931,20260820,1
52932,20260811,1
52933,20260810,1
52934,20260814,1
52935,20260810,1
52936,20260819,1
52938,20260813,1
52939,20260815,1
52940,20260820,1
52941,20260812,1
52942,20260819,1
52943,20260820,1
52944,20260807,1
52945,20260817,1
52946,20260813,1
52947,20260816,1
52948,20260811,1
52949,20260813,1
52950,20260810,1
52951,20260807,1
52952,20260809,1
52954,20260814,1
52955,20260814,1
52956,20260811,1
52957,20260817,1
52958,20260817,1
52959,20260811,1
52960,20260810,1
52961,20260810,1
52962,20260815,1
52963,20260811,1
52964,20260817,1
52965,20260807,1
52966,20260808,1
52967,20260818,1
52968,20260819,1
52969,20260807,1
52973,20260824,1
52975,20260825,1
52976,20260821,1
52979,20260821,1
52984,20260824,1
52986,20260824,1
52988,20260821,1
52994,20260824,1
52998,20260824,1
52999,20260824,1
53001,20260824,1
53003,20260824,1
53004,20260825,1
53005,20260823,1
53008,20260825,1
53011,20260821,1
53017,20260824,1
53018,20260824,1
53021,20260821,1
53025,20260824,1
53027,20260824,1
53032,20260825,1
53033,20260823,1
53043,20260822,1
53047,20260823,1
53049,20260821,1
53055,20260823,1
53057,20260821,1
53061,20260824,1
53062,20260821,1
53067,20260823,1
53070,20260822,1
53079,20260824,1
53080,20260822,1
53081,20260822,1
53082,20260821,1
53084,20260822,1
53094,20260821,1
53095,20260823,1
53097,20260825,1
53101,20260823,1
53102,20260823,1
53105,20260823,1
53106,20260825,1
53113,20260825,1
53115,20260824,1
53118,20260821,1
53129,20260821,1
53130,20260825,1
53132,20260823,1
53135,20260825,1
53138,20260822,1
53139,20260824,1
53140,20260825,1
53144,20260822,1
53146,20260822,1
53154,20260824,1
53157,20260821,1
53159,20260825,1
53163,20260825,1
53166,20260825,1
53167,20260824,1
53174,20260824,1
53178,20260823,1
53179,20260822,1
53184,20260821,1
53186,20260824,1
53188,20260821,1
53192,20260825,1
53197,20260821,1
53200,20260821,1
53203,20260822,1
53209,20260825,1
53211,20260825,1
53214,20260823,1
53217,20260823,1
53219,20260825,1
53222,20260825,1
53225,20260823,1
53229,20260822,1
53238,20260825,1
53239,20260825,1
53242,20260821,1
53244,20260824,1
53245,20260824,1
53248,20260825,1
53251,20260821,1
53252,20260825,1
53254,20260822,1
53255,20260825,1
53257,20260822,1
53258,20260823,1
53260,20260822,1
53262,20260822,1
53263,20260825,1
53265,20260825,1
53267,20260823,1
53268,20260821,1
53270,20260824,1
53275,20260825,1
53276,20260824,1
53278,20260823,1
53282,20260823,1
53285,20260824,1
53290,20260821,1
53294,20260823,1
53295,20260821,1
53298,20260825,1
53305,20260821,1
53306,20260821,1
53308,20260824,1
53311,20260824,1
53313,20260822,1
53315,20260821,1
53316,20260823,1
53322,20260825,1
53328,20260824,1
53332,20260822,1
53335,20260821,1
53340,20260822,1
53342,20260821,1
53343,20260821,1
53344,20260822,1
57145,20260503,1
57146,20260503,1
57147,20260503,1
57149,20260503,1
