route_id,service_id,trip_id
6104,48097,63307
6105,48098,63308
6658,48101,63311
6655,48102,63312
6104,48105,63315
6648,48106,63316
6147,48109,63319
6659,48111,63321
9287,48114,63324
6659,48115,63325
6645,48116,63326
6645,48117,63327
6658,48118,63328
9287,48119,63329
9283,48120,63330
9296,48121,63331
6655,48122,63332
6140,48123,63333
9292,48125,63335
6658,48128,63338
9296,48129,63339
6654,48130,63340
6659,48134,63344
6656,48135,63345
9292,48136,63346
6645,48138,63348
6651,48139,63349
6651,48140,63350
6656,48142,63352
9292,48146,63356
6119,48147,63357
6148,48151,63361
6660,48153,63363
6119,48154,63364
6656,48155,63365
6653,48156,63366
9281,48157,63367
6108,48159,63369
9292,48160,63370
6140,48161,63371
6652,48164,63374
6658,48165,63375
9287,48166,63376
6651,48167,63377
6645,48169,63379
6105,48171,63381
9296,48173,63383
6119,48174,63384
6650,48176,63386
6648,48177,63387
6658,48179,63389
9292,48180,63390
6656,48182,63392
6650,48184,63394
9292,48186,63396
6119,48187,63397
6140,48188,63398
6647,48189,63399
6659,48190,63400
6147,48194,63404
6660,48195,63405
9287,48196,63406
6657,48197,63407
6104,48198,63408
9296,48200,63410
6647,48201,63411
9283,48202,63412
6113,48203,63413
6108,48204,63414
6660,48205,63415
6650,48206,63416
6660,48209,63419
6657,48210,63420
6105,48211,63421
6655,48212,63422
6659,48213,63423
6662,48214,63424
6653,48215,63425
6140,48216,63426
6140,48218,63428
6147,48219,63429
6148,48221,63431
6148,48223,63433
9287,48224,63434
6645,48225,63435
6104,48226,63436
6653,48227,63437
9292,48228,63438
9292,48229,63439
6119,48230,63440
6140,48232,63442
6649,48235,63445
9283,48237,63447
6651,48238,63448
6653,48239,63449
6647,48240,63450
6648,48241,63451
9296,48243,63453
6656,48244,63454
9287,48245,63455
6653,48246,63456
6105,48247,63457
6649,48248,63458
6645,48249,63459
9281,48250,63460
6656,48253,63463
6108,48254,63464
9296,48255,63465
6113,48260,63470
6148,48261,63471
6147,48262,63472
6650,48266,63476
6140,48269,63479
9283,48270,63480
6659,48273,63483
6647,48275,63485
6662,48276,63486
6147,48277,63487
6645,48280,63490
6148,48283,63493
9296,48284,63494
6148,48285,63495
6657,48286,63496
6647,48287,63497
9287,48288,63498
6148,48289,63499
6649,48290,63500
6650,48292,63502
9283,48293,63503
6108,48295,63505
6104,48298,63508
6653,48300,63510
6148,48301,63511
6105,48302,63512
6649,48303,63513
9296,48304,63514
9292,48305,63515
6656,48306,63516
6105,48309,63519
6119,48311,63521
6113,48312,63522
6648,48314,63524
6662,48315,63525
6651,48317,63527
6655,48318,63528
6108,48321,63531
6657,48322,63532
6655,48323,63533
6662,48324,63534
6148,48325,63535
6654,48327,63537
6108,48328,63538
6104,48329,63539
9296,48331,63541
6147,48332,63542
6105,48333,63543
6108,48335,63545
6651,48340,63550
6657,48341,63551
6650,48342,63552
6654,48343,63553
6655,48344,63554
6656,48345,63555
6653,48346,63556
6658,48347,63557
6113,48348,63558
6658,48349,63559
6659,48350,63560
6647,48351,63561
6662,48353,63563
9283,48355,63565
6660,48356,63566
6657,48357,63567
6140,48358,63568
6654,48359,63569
6652,48360,63570
6650,48363,63573
6657,48364,63574
6147,48365,63575
6660,48366,63576
6104,48367,63577
6648,48368,63578
6655,48369,63579
6113,48371,63581
6655,48372,63582
6104,48373,63583
6119,48374,63584
6662,48376,63586
9283,48377,63587
6654,48378,63588
6104,48379,63589
6654,48380,63590
6648,48382,63592
6650,48383,63593
6119,48385,63595
6657,48386,63596
6119,48388,63598
6650,48389,63599
6653,48390,63600
6649,48391,63601
6105,48394,63604
6113,48396,63606
6105,48397,63607
6649,48398,63608
6649,48399,63609
6148,48400,63610
6649,48401,63611
6657,48402,63612
9283,48405,63615
6647,48407,63617
6635,48408,63618
6648,48410,63620
6654,48411,63621
6654,48412,63622
6655,48415,63625
6653,48416,63626
6113,48417,63627
6147,48418,63628
6651,48421,63631
6659,48422,63632
6105,48423,63633
9292,48424,63634
6647,48425,63635
6635,48427,63637
6651,48430,63640
6658,48431,63641
6108,48433,63643
6108,48434,63644
6147,48436,63646
9287,48438,63648
6113,48439,63649
6113,48440,63650
6104,48441,63651
6656,48442,63652
6645,48443,63653
6647,48445,63655
9287,48446,63656
6147,48447,63657
9296,48450,63660
6656,48451,63661
6660,48452,63662
6660,48453,63663
6119,48455,63665
6649,48456,63666
6662,48457,63667
9287,48458,63668
6660,48459,63669
6660,48461,63671
6113,48462,63672
6651,48463,63673
6658,48465,63675
6140,48466,63676
6108,48467,63677
6140,48468,63678
6648,48469,63679
6662,48470,63680
6108,48474,63684
9283,48476,63686
6108,48477,63687
6113,48478,63688
6148,48479,63689
6653,48480,63690
6119,48481,63691
6657,48482,63692
6148,48483,63693
6104,48485,63695
6650,48486,63696
9292,48487,63697
6645,48488,63698
6660,48489,63699
6147,48490,63700
6657,48491,63701
6656,48492,63702
6658,48493,63703
6105,48494,63704
6108,48495,63705
6654,48496,63706
6649,48498,63708
6660,48499,63709
6104,48500,63710
6657,48501,63711
6649,48502,63712
9296,48503,63713
9287,48504,63714
6108,48506,63716
6656,48507,63717
9292,48508,63718
6648,48509,63719
6147,48510,63720
6108,48511,63721
6113,48512,63722
6140,48513,63723
6104,48514,63724
6659,48516,63726
6119,48517,63727
9283,48518,63728
6105,48519,63729
6147,48520,63730
6105,48521,63731
6651,48522,63732
6654,48523,63733
6650,48524,63734
6655,48525,63735
6645,48526,63736
6147,48527,63737
6656,48528,63738
6104,48529,63739
6656,48530,63740
6660,48531,63741
6105,48532,63742
6652,48533,63743
6656,48534,63744
6648,48536,63746
6654,48537,63747
6653,48538,63748
9287,48539,63749
6653,48540,63750
6658,48541,63751
6105,48542,63752
9296,48543,63753
6656,48544,63754
6659,48545,63755
6148,48546,63756
6140,48547,63757
6657,48548,63758
9296,48550,63760
6655,48551,63761
9296,48552,63762
6654,48553,63763
6104,48554,63764
6648,48555,63765
9283,48556,63766
6108,48557,63767
6645,48558,63768
6148,48559,63769
6119,48560,63770
6650,48561,63771
6147,48562,63772
6660,48563,63773
6662,48564,63774
6657,48565,63775
6653,48566,63776
6657,48569,63779
9296,48570,63780
6119,48571,63781
6148,48572,63782
6651,48573,63783
6656,48574,63784
6108,48575,63785
6659,48576,63786
6119,48577,63787
6113,48578,63788
6652,48579,63789
6108,48580,63790
6647,48581,63791
6657,48582,63792
6660,48583,63793
9296,48584,63794
6648,48585,63795
6647,48588,63798
6658,48589,63799
9296,48590,63800
6645,48591,63801
9287,48592,63802
6113,48593,63803
6140,48594,63804
6113,48597,63807
6119,48598,63808
6658,48599,63809
6650,48601,63811
9292,48603,63813
6658,48604,63814
9292,48605,63815
6653,48606,63816
9292,48607,63817
6659,48608,63818
6147,48610,63820
9287,48611,63821
6650,48612,63822
6657,48613,63823
6647,48614,63824
6635,48615,63825
6645,48616,63826
6658,48617,63827
6650,48618,63828
6656,48619,63829
9281,48620,63830
6660,48621,63831
6140,48623,63833
6140,48624,63834
6658,48625,63835
6659,48626,63836
6108,48628,63838
6104,48629,63839
6148,48630,63840
6657,48631,63841
6651,48632,63842
6660,48633,63843
6655,48634,63844
6113,48635,63845
6148,48636,63846
6649,48637,63847
6647,48638,63848
6655,48639,63849
6105,48640,63850
6652,48641,63851
6148,48642,63852
6655,48643,63853
6108,48645,63855
6113,48646,63856
9287,48647,63857
6645,48648,63858
9287,48649,63859
6140,48650,63860
6662,48651,63861
6659,48652,63862
6635,48653,63863
6119,48654,63864
9296,48655,63865
6650,48656,63866
6105,48657,63867
6662,48658,63868
6651,48659,63869
9292,48660,63870
6658,48661,63871
6147,48662,63872
9287,48663,63873
9287,48664,63874
6656,48665,63875
6647,48666,63876
6140,48667,63877
6653,48668,63878
6113,48669,63879
6659,48671,63881
6662,48672,63882
6662,48673,63883
6113,48674,63884
6655,48676,63886
9281,48678,63888
9292,48679,63889
6655,48681,63891
6653,48682,63892
6653,48683,63893
6647,48684,63894
6650,48685,63895
6119,48686,63896
6147,48687,63897
6119,48688,63898
6648,48689,63899
6113,48690,63900
6635,48691,63901
6656,48692,63902
6649,48693,63903
6658,48694,63904
6654,48695,63905
6147,48696,63906
6108,48698,63908
6104,48699,63909
6647,48700,63910
9283,48701,63911
6650,48702,63912
6656,48703,63913
6662,48704,63914
6649,48705,63915
9283,48706,63916
9296,48707,63917
9296,48708,63918
6655,48709,63919
6147,48710,63920
6654,48711,63921
6148,48712,63922
6147,48713,63923
6648,48714,63924
6654,48716,63926
6655,48717,63927
6105,48718,63928
6147,48719,63929
6648,48720,63930
9283,48721,63931
6651,48722,63932
6657,48723,63933
6655,48724,63934
6648,48725,63935
6104,48726,63936
6113,48727,63937
6650,48728,63938
6658,48729,63939
6119,48730,63940
6660,48731,63941
6113,48732,63942
6119,48733,63943
9296,48734,63944
9296,48735,63945
6662,48736,63946
6662,48737,63947
6652,48738,63948
9281,48739,63949
6104,48740,63950
6119,48741,63951
6656,48742,63952
6660,48743,63953
6653,48744,63954
6651,48745,63955
6654,48746,63956
6660,48747,63957
9292,48748,63958
6649,48749,63959
9287,48750,63960
6662,48751,63961
6148,48752,63962
9292,48753,63963
6140,48754,63964
6140,48756,63966
9287,48757,63967
6656,48758,63968
6654,48759,63969
6104,48760,63970
6659,48761,63971
6105,48762,63972
6650,48763,63973
6650,48764,63974
6657,48765,63975
6649,48766,63976
6649,48767,63977
9296,48768,63978
6651,48769,63979
9281,48770,63980
9292,48771,63981
6645,48772,63982
9292,48773,63983
6647,48774,63984
6649,48775,63985
6148,48776,63986
9296,48777,63987
6651,48778,63988
6148,48780,63990
6147,48781,63991
9283,48782,63992
6148,48783,63993
6119,48784,63994
6119,48785,63995
6660,48786,63996
6651,48787,63997
6660,48788,63998
9283,48789,63999
9283,48790,64000
6649,48791,64001
6658,48792,64002
6657,48793,64003
6648,48794,64004
6105,48795,64005
6105,48796,64006
6647,48797,64007
6647,48798,64008
9292,48800,64010
6660,48801,64011
6647,48802,64012
6104,48803,64013
9287,48804,64014
6653,48805,64015
6104,48806,64016
6660,48807,64017
6113,48808,64018
6649,48809,64019
6140,48810,64020
6108,48811,64021
6148,48812,64022
6655,48813,64023
6140,48814,64024
6654,48815,64025
6140,48816,64026
6658,48817,64027
6656,48818,64028
6105,48819,64029
6662,48820,64030
6108,48821,64031
6105,48822,64032
6635,48823,64033
6113,48824,64034
6651,48825,64035
6147,48826,64036
6104,48827,64037
9283,48828,64038
9287,48829,64039
9292,48830,64040
6651,48831,64041
6140,48832,64042
6649,48833,64043
6651,48834,64044
6653,48835,64045
6647,48836,64046
6648,48837,64047
6140,48838,64048
6645,48839,64049
6105,48840,64050
6659,48841,64051
6104,48842,64052
6645,48843,64053
6645,48844,64054
9287,48845,64055
9287,48846,64056
6653,48847,64057
6655,48848,64058
6659,48849,64059
6108,48850,64060
9292,48851,64061
6108,48852,64062
6658,48853,64063
9292,48854,64064
9283,48855,64065
6647,48856,64066
6119,48857,64067
9281,48858,64068
6656,48859,64069
6140,48861,64071
6113,48862,64072
6652,48863,64073
6148,48864,64074
6656,48865,64075
6662,48866,64076
6645,48867,64077
6659,48869,64079
6119,48870,64080
6104,48871,64081
6657,48872,64082
9283,48874,64084
6654,48875,64085
6656,48876,64086
6113,48877,64087
6113,48878,64088
6108,48879,64089
6649,48880,64090
6148,48881,64091
9292,48882,64092
6653,48883,64093
6655,48884,64094
6658,48885,64095
6647,48886,64096
6649,48887,64097
6660,48888,64098
6108,48889,64099
6654,48890,64100
6108,48892,64102
6653,48894,64104
6119,48895,64105
6660,48896,64106
9292,48897,64107
6119,48898,64108
6656,48899,64109
6659,48900,64110
6113,48902,64112
6658,48903,64113
6635,48904,64114
6651,48905,64115
6654,48906,64116
9292,48907,64117
6645,48908,64118
6651,48909,64119
6105,48910,64120
6108,48911,64121
6654,48912,64122
6104,48913,64123
6148,48914,64124
6645,48915,64125
6645,48916,64126
6650,48917,64127
6655,48918,64128
6645,48919,64129
6108,48921,64131
6140,48922,64132
6657,48923,64133
6140,48924,64134
6105,48925,64135
6650,48926,64136
6648,48927,64137
9296,48928,64138
9283,48929,64139
9283,48930,64140
6148,48931,64141
6660,48932,64142
6113,48933,64143
6659,48934,64144
6113,48935,64145
6119,48936,64146
6660,48937,64147
6658,48938,64148
6647,48939,64149
6660,48940,64150
6647,48941,64151
6656,48942,64152
6655,48943,64153
6651,48944,64154
6140,48945,64155
6651,48946,64156
6108,48947,64157
6656,48948,64158
6104,48949,64159
6658,48950,64160
6104,48951,64161
6105,48952,64162
6660,48954,64164
6105,48955,64165
6635,48956,64166
6647,48957,64167
9292,48958,64168
9292,48959,64169
9292,48960,64170
6105,48961,64171
9292,48962,64172
6656,48963,64173
6105,48964,64174
6147,48965,64175
9296,48966,64176
6147,48967,64177
6104,48968,64178
9296,48969,64179
9287,48970,64180
6108,48971,64181
6650,48972,64182
9296,48973,64183
9296,48974,64184
9281,48975,64185
6660,48976,64186
9292,48977,64187
6658,48978,64188
6147,48979,64189
6649,48981,64191
6655,48982,64192
6147,48983,64193
6649,48984,64194
6645,48985,64195
6140,48986,64196
6656,48987,64197
6105,48988,64198
6647,48989,64199
6113,48990,64200
6654,48991,64201
6659,48992,64202
6647,48993,64203
6653,48994,64204
6662,48995,64205
6647,48996,64206
6104,48997,64207
6657,48998,64208
6108,48999,64209
6108,49001,64211
9283,49002,64212
6648,49003,64213
9287,49004,64214
6662,49005,64215
6119,49006,64216
6104,49007,64217
6148,49008,64218
6650,49009,64219
6140,49012,64222
6104,49013,64223
6658,49014,64224
6105,49015,64225
6653,49016,64226
6653,49018,64228
6659,49019,64229
6119,49021,64231
6119,49022,64232
6147,49023,64233
9296,49024,64234
6119,49025,64235
6650,49026,64236
6108,49027,64237
6113,49028,64238
6656,49029,64239
6660,49030,64240
6635,49031,64241
6657,49032,64242
6105,49033,64243
6148,49034,64244
6654,49035,64245
6659,49036,64246
6650,49037,64247
6655,49038,64248
6650,49039,64249
6650,49040,64250
6119,49041,64251
6140,49043,64253
9296,49045,64255
6647,49046,64256
6660,49047,64257
6650,49048,64258
6147,49049,64259
9287,49050,64260
6148,49051,64261
6657,49052,64262
6148,49053,64263
6148,49054,64264
6645,49055,64265
6105,49056,64266
6653,49057,64267
6645,49058,64268
6104,49059,64269
6652,49060,64270
6105,49061,64271
6662,49062,64272
6659,49063,64273
6660,49065,64275
6147,49066,64276
6660,49067,64277
6649,49068,64278
6657,49069,64279
9296,49070,64280
6651,49071,64281
6651,49072,64282
6656,49073,64283
6649,49074,64284
6648,49075,64285
6651,49077,64287
6148,49078,64288
6654,49079,64289
9296,49080,64290
9287,49081,64291
6108,49083,64293
6653,49084,64294
9287,49085,64295
6648,49086,64296
6105,49087,64297
6659,49088,64298
6662,49089,64299
6647,49090,64300
6651,49091,64301
6108,49093,64303
6119,49094,64304
6104,49095,64305
6140,49096,64306
6648,49097,64307
6651,49098,64308
6656,49099,64309
6147,49100,64310
6656,49101,64311
6660,49102,64312
9296,49103,64313
6658,49104,64314
6140,49105,64315
6662,49107,64317
9292,49108,64318
6653,49109,64319
6659,49110,64320
6648,49111,64321
6656,49113,64323
6649,49115,64325
6662,49116,64326
6140,49117,64327
6105,49118,64328
6660,49119,64329
6147,49120,64330
6658,49122,64332
9287,49123,64333
6649,49124,64334
6651,49125,64335
6649,49126,64336
6148,49127,64337
6113,49128,64338
6647,49129,64339
6648,49130,64340
6119,49131,64341
6657,49132,64342
6655,49133,64343
6148,49134,64344
6662,49135,64345
6140,49136,64346
6649,49137,64347
9292,49138,64348
9296,49139,64349
6655,49141,64351
6645,49142,64352
6655,49143,64353
9292,49144,64354
6650,49145,64355
6649,49146,64356
6654,49147,64357
6660,49148,64358
6651,49149,64359
9283,49150,64360
6647,49151,64361
6147,49152,64362
9296,49153,64363
6659,49154,64364
6104,49155,64365
6658,49156,64366
6140,49157,64367
6654,49158,64368
6655,49159,64369
9292,49160,64370
9287,49162,64372
6113,49163,64373
6147,49164,64374
6655,49165,64375
6662,49166,64376
6652,49167,64377
6645,49168,64378
9292,49169,64379
6657,49170,64380
9296,49171,64381
6653,49172,64382
9283,49173,64383
6657,49174,64384
6140,49175,64385
9287,49176,64386
6655,49177,64387
6652,49179,64389
6658,49180,64390
6653,49181,64391
6648,49182,64392
6658,49183,64393
9287,49184,64394
6105,49185,64395
6635,49186,64396
6657,49190,64400
6657,49191,64401
6648,49192,64402
6113,49193,64403
9283,49194,64404
6113,49196,64406
9283,49197,64407
9283,49198,64408
9287,49199,64409
6654,49201,64411
6650,49202,64412
6104,49204,64414
6657,49205,64415
6119,49209,64419
6649,49210,64420
6147,49211,64421
6148,49212,64422
6119,49213,64423
6148,49214,64424
9287,49215,64425
6108,49216,64426
6656,49217,64427
6113,49218,64428
6653,49219,64429
6662,49220,64430
6147,49221,64431
6655,49222,64432
9287,49223,64433
6113,49224,64434
6653,49225,64435
6648,49226,64436
6650,49227,64437
6104,49228,64438
6140,49229,64439
6651,49230,64440
6647,49231,64441
6647,49232,64442
6655,49233,64443
6654,49234,64444
6657,49235,64445
6660,49236,64446
6148,49237,64447
6658,49238,64448
6140,49239,64449
6657,49240,64450
6119,49242,64452
6660,49243,64453
9296,49244,64454
6105,49245,64455
6105,49246,64456
6656,49247,64457
6104,49248,64458
6148,49249,64459
6649,49250,64460
6653,49251,64461
6658,49252,64462
9287,49253,64463
6662,49254,64464
6108,49256,64466
6658,49257,64467
6119,49258,64468
6147,49259,64469
6108,49260,64470
6648,49261,64471
6649,49263,64473
6645,49264,64474
9281,49265,64475
9296,49266,64476
6108,49267,64477
6651,49268,64478
6655,49269,64479
6105,49270,64480
9296,49271,64481
9283,49272,64482
6651,49273,64483
6659,49274,64484
6650,49275,64485
6104,49276,64486
6653,49277,64487
9292,49278,64488
6655,49279,64489
6653,49280,64490
6654,49282,64492
6658,49283,64493
6650,49284,64494
6645,49285,64495
6105,49286,64496
6635,49287,64497
6655,49288,64498
6647,49289,64499
6108,49290,64500
6140,49291,64501
6648,49292,64502
6651,49293,64503
6654,49294,64504
6649,49295,64505
6104,49296,64506
6662,49297,64507
6108,49298,64508
9283,49299,64509
6108,49301,64511
6140,49302,64512
6657,49303,64513
6119,49304,64514
6652,49305,64515
6659,49306,64516
6113,49307,64517
6119,49308,64518
6105,49309,64519
6105,49310,64520
9281,49311,64521
6656,49312,64522
6148,49313,64523
6662,49314,64524
6105,49315,64525
6147,49316,64526
6140,49317,64527
6104,49318,64528
9292,49320,64530
6147,49321,64531
6653,49322,64532
6113,49323,64533
6651,49324,64534
6647,49325,64535
6140,49326,64536
6648,49327,64537
6647,49328,64538
6104,49329,64539
6104,49330,64540
6653,49331,64541
6140,49332,64542
6657,49333,64543
6660,49334,64544
9292,49335,64545
9281,49336,64546
6119,49337,64547
6148,49338,64548
6649,49339,64549
9283,49340,64550
6662,49341,64551
6648,49342,64552
6652,49344,64554
6119,49345,64555
6113,49347,64557
6648,49348,64558
6104,49349,64559
6119,49350,64560
6655,49351,64561
6658,49352,64562
6650,49353,64563
9287,49354,64564
6647,49355,64565
6653,49356,64566
6650,49357,64567
6140,49359,64569
6656,49360,64570
6119,49361,64571
6654,49362,64572
9296,49363,64573
9296,49364,64574
6651,49365,64575
6650,49366,64576
6653,49367,64577
6660,49368,64578
6651,49369,64579
6657,49370,64580
9292,49371,64581
6658,49373,64583
6660,49374,64584
9287,49375,64585
6113,49377,64587
6108,49378,64588
6648,49379,64589
6656,49380,64590
6662,49381,64591
6113,49382,64592
6105,49383,64593
6147,49384,64594
6104,49386,64596
6659,49389,64599
6655,49390,64600
9296,49391,64601
6113,49392,64602
9292,49393,64603
6647,49394,64604
6655,49395,64605
6108,49396,64606
6653,49397,64607
6655,49398,64608
6647,49399,64609
9287,49400,64610
6104,49403,64613
6108,49404,64614
6658,49405,64615
6649,49406,64616
6635,49407,64617
6657,49408,64618
6657,49409,64619
6659,49410,64620
6113,49412,64622
9292,49413,64623
6654,49414,64624
6654,49415,64625
6662,49416,64626
9287,49417,64627
6104,49418,64628
9281,49419,64629
6647,49420,64630
6147,49421,64631
6649,49422,64632
6113,49423,64633
6147,49425,64635
6653,49426,64636
6660,49428,64638
6660,49429,64639
9283,49430,64640
6662,49431,64641
6649,49432,64642
6148,49433,64643
6655,49434,64644
6649,49435,64645
6105,49436,64646
6645,49437,64647
6147,49438,64648
9287,49439,64649
9287,49440,64650
9287,49441,64651
6660,49442,64652
6649,49443,64653
6119,49444,64654
6659,49445,64655
6113,49446,64656
6635,49447,64657
6650,49448,64658
6140,49449,64659
6140,49450,64660
9296,49451,64661
6140,49452,64662
9287,49453,64663
6650,49454,64664
9287,49455,64665
6108,49456,64666
6104,49458,64668
6656,49459,64669
6104,49460,64670
6119,49461,64671
9287,49463,64673
9296,49464,64674
6662,49465,64675
6645,49466,64676
9283,49467,64677
9296,49468,64678
6651,49469,64679
6660,49470,64680
6658,49471,64681
6656,49472,64682
6660,49473,64683
6148,49474,64684
6148,49476,64686
6119,49477,64687
9296,49479,64689
6658,49480,64690
6658,49481,64691
6105,49483,64693
6147,49484,64694
6148,49485,64695
6656,49486,64696
6655,49487,64697
9283,49488,64698
6119,49489,64699
6657,49490,64700
6656,49491,64701
6654,49492,64702
6657,49493,64703
6113,49494,64704
6140,49495,64705
6651,49496,64706
6654,49497,64707
6656,49498,64708
6648,49499,64709
9283,49500,64710
6650,49501,64711
6148,49502,64712
9287,49503,64713
9296,49504,64714
6649,49506,64716
9283,49507,64717
6660,49508,64718
6657,49509,64719
9283,49510,64720
6651,49511,64721
6148,49513,64723
6113,49514,64724
6140,49515,64725
6649,49516,64726
6656,49517,64727
6148,49518,64728
6148,49519,64729
6104,49520,64730
6652,49521,64731
6147,49522,64732
6147,49523,64733
6108,49524,64734
6105,49525,64735
6656,49526,64736
6652,49528,64738
6104,49529,64739
9287,49530,64740
6148,49531,64741
6662,49532,64742
6113,49533,64743
6656,49534,64744
6147,49535,64745
9296,49537,64747
9292,49538,64748
6645,49539,64749
6653,49540,64750
6108,49541,64751
6147,49542,64752
6648,49543,64753
6659,49544,64754
9296,49545,64755
6645,49546,64756
6650,49547,64757
6660,49549,64759
6651,49550,64760
6148,49551,64761
6119,49552,64762
6651,49553,64763
6648,49554,64764
6659,49555,64765
6648,49556,64766
6635,49557,64767
6113,49558,64768
6108,49559,64769
6649,49560,64770
9283,49562,64772
6655,49563,64773
9292,49564,64774
6140,49565,64775
6647,49566,64776
6658,49567,64777
6657,49568,64778
6105,49569,64779
6655,49570,64780
6645,49571,64781
6653,49572,64782
6650,49573,64783
6657,49574,64784
6105,49575,64785
6653,49576,64786
6147,49577,64787
6654,49578,64788
6647,49579,64789
6659,49580,64790
6108,49581,64791
6113,49582,64792
6650,49583,64793
6658,49584,64794
6660,49585,64795
6645,49586,64796
6147,49587,64797
9292,49588,64798
6660,49589,64799
6656,49590,64800
6105,49591,64801
6647,49592,64802
6650,49593,64803
9287,49594,64804
6659,49595,64805
6654,49596,64806
6651,49597,64807
6659,49598,64808
6662,49599,64809
6140,49600,64810
6645,49601,64811
6645,49602,64812
6656,49603,64813
6119,49605,64815
6654,49606,64816
6113,49607,64817
6657,49608,64818
6113,49609,64819
9296,49610,64820
6658,49611,64821
6652,49612,64822
6148,49614,64824
6656,49615,64825
6148,49616,64826
9292,49617,64827
6655,49618,64828
6655,49619,64829
6648,49620,64830
9287,49621,64831
6113,49622,64832
9296,49623,64833
6148,49624,64834
6657,49625,64835
6655,49626,64836
6649,49627,64837
6657,49628,64838
6105,49629,64839
6140,49630,64840
6104,49631,64841
9287,49632,64842
6654,49633,64843
9287,49634,64844
6140,49635,64845
6658,49636,64846
6653,49637,64847
6113,49638,64848
6648,49639,64849
6147,49640,64850
6645,49641,64851
6662,49642,64852
6648,49643,64853
6104,49644,64854
6650,49645,64855
9287,49646,64856
6104,49647,64857
6657,49649,64859
6108,49650,64860
6657,49651,64861
6113,49652,64862
6654,49653,64863
6660,49654,64864
6147,49655,64865
6660,49656,64866
9296,49657,64867
6645,49658,64868
6119,49659,64869
6108,49660,64870
9287,49661,64871
6113,49663,64873
6659,49664,64874
6105,49665,64875
6651,49666,64876
6650,49667,64877
6660,49668,64878
6147,49669,64879
6650,49670,64880
6649,49671,64881
6113,49672,64882
6119,49673,64883
6660,49674,64884
6645,49675,64885
9296,49678,64888
6113,49679,64889
6140,49680,64890
9287,49681,64891
6108,49682,64892
6147,49683,64893
6147,49684,64894
6662,49685,64895
6104,49686,64896
6655,49687,64897
6656,49688,64898
6119,49689,64899
6140,49690,64900
6148,49691,64901
9292,49692,64902
6653,49693,64903
6105,49694,64904
6649,49695,64905
6660,49696,64906
6119,49697,64907
6653,49698,64908
6140,49699,64909
6651,49700,64910
9292,49701,64911
6104,49702,64912
6105,49703,64913
6108,49704,64914
9296,49705,64915
6648,49707,64917
9287,49708,64918
9283,49709,64919
6649,49710,64920
6140,49712,64922
9296,49713,64923
6654,49714,64924
6104,49715,64925
6651,49716,64926
9292,49717,64927
6662,49718,64928
6647,49719,64929
6108,49720,64930
9283,49721,64931
6655,49722,64932
6657,49723,64933
6657,49724,64934
6104,49725,64935
6105,49726,64936
6649,49727,64937
6635,49728,64938
6105,49729,64939
6653,49730,64940
6660,49732,64942
6148,49733,64943
6649,49735,64945
9296,49736,64946
6105,49737,64947
6119,49738,64948
6108,49739,64949
6654,49740,64950
6647,49741,64951
6147,49742,64952
6653,49743,64953
6647,49744,64954
6148,49746,64956
6659,49747,64957
6113,49748,64958
6647,49749,64959
6652,49750,64960
6119,49751,64961
6147,49752,64962
6660,49753,64963
9287,49754,64964
6148,49755,64965
6655,49756,64966
6645,49757,64967
9281,49758,64968
6660,49759,64969
6647,49761,64971
6147,49762,64972
6660,49763,64973
9292,49764,64974
9283,49765,64975
6140,49766,64976
6658,49767,64977
6648,49768,64978
6147,49769,64979
6105,49770,64980
6651,49771,64981
6656,49772,64982
6119,49773,64983
6648,49774,64984
6147,49775,64985
6113,49776,64986
9283,49777,64987
9281,49778,64988
6659,49779,64989
6655,49780,64990
6651,49781,64991
6654,49783,64993
6662,49784,64994
9292,49786,64996
6649,49787,64997
6140,49788,64998
9292,49789,64999
6652,49790,65000
9283,49791,65001
6653,49792,65002
6108,49793,65003
6653,49794,65004
9287,49795,65005
6108,49796,65006
6660,49797,65007
9296,49798,65008
9292,49799,65009
6656,49800,65010
6652,49801,65011
6113,49802,65012
6660,49803,65013
6655,49804,65014
6650,49806,65016
6660,49807,65017
6657,49808,65018
6660,49809,65019
6656,49810,65020
9292,49811,65021
6105,49812,65022
6658,49814,65024
6104,49815,65025
6635,49816,65026
6653,49817,65027
6662,49818,65028
6654,49819,65029
9287,49820,65030
6119,49821,65031
6105,49824,65034
6653,49825,65035
9283,49826,65036
6105,49827,65037
6651,49828,65038
6104,49829,65039
6104,49830,65040
6647,49831,65041
6147,49832,65042
6649,49833,65043
6113,49834,65044
6651,49835,65045
6119,49836,65046
6658,49837,65047
6662,49838,65048
6645,49839,65049
6645,49840,65050
6649,49841,65051
6653,49842,65052
6104,49844,65054
6647,49845,65055
9283,49846,65056
9283,49847,65057
6648,49848,65058
6659,49849,65059
6119,49850,65060
9292,49851,65061
6648,49852,65062
9292,49853,65063
6635,49854,65064
6656,49855,65065
6148,49856,65066
6148,49857,65067
6648,49858,65068
9296,49859,65069
9292,49860,65070
6660,49861,65071
6662,49862,65072
6104,49863,65073
6654,49864,65074
6656,49865,65075
6648,49867,65077
6651,49868,65078
6651,49869,65079
6113,49870,65080
9281,49871,65081
6647,49872,65082
6108,49873,65083
6650,49874,65084
6645,49875,65085
6647,49876,65086
6656,49877,65087
9296,49878,65088
6659,49879,65089
6650,49881,65091
9287,49882,65092
6104,49883,65093
6140,49884,65094
9287,49885,65095
6148,49886,65096
6658,49888,65098
6649,49889,65099
6655,49890,65100
9281,49891,65101
6147,49892,65102
9292,49893,65103
6148,49894,65104
6657,49895,65105
6148,49896,65106
6113,49897,65107
9296,49898,65108
6658,49899,65109
6108,49900,65110
6105,49901,65111
6654,49902,65112
6657,49903,65113
6651,49904,65114
6140,49906,65116
6662,49907,65117
6645,49908,65118
6119,49909,65119
9283,49910,65120
6662,49911,65121
6658,49912,65122
6108,49914,65124
6658,49916,65126
6104,49917,65127
6657,49918,65128
6647,49919,65129
6656,49920,65130
6651,49921,65131
6656,49922,65132
6655,49923,65133
6656,49924,65134
6645,49926,65136
6659,49927,65137
6650,49928,65138
6649,49929,65139
6653,49930,65140
6148,49931,65141
6650,49932,65142
9296,49933,65143
6140,49934,65144
6658,49935,65145
6105,49936,65146
9292,49937,65147
6659,49938,65148
6119,49939,65149
6650,49940,65150
6645,49941,65151
9296,49942,65152
6657,49943,65153
6659,49944,65154
6148,49945,65155
6647,49946,65156
6656,49947,65157
6140,49948,65158
6105,49949,65159
6635,49951,65161
6653,49952,65162
6147,49953,65163
6659,49954,65164
9283,49955,65165
6147,49956,65166
6655,49957,65167
6654,49958,65168
6108,49959,65169
6662,49960,65170
6108,49962,65172
6650,49963,65173
6658,49964,65174
6658,49965,65175
6140,49966,65176
6119,49967,65177
6655,49968,65178
6659,49969,65179
6656,49970,65180
6650,49971,65181
6649,49972,65182
9287,49973,65183
6650,49974,65184
6108,49975,65185
6647,49976,65186
6651,49977,65187
6140,49979,65189
9287,49980,65190
9296,49981,65191
6119,49982,65192
6656,49983,65193
6654,49984,65194
6119,49985,65195
6148,49986,65196
6119,49988,65198
9296,49989,65199
6656,49990,65200
6649,49991,65201
6635,49992,65202
9296,49993,65203
6105,49994,65204
6105,49995,65205
6647,49996,65206
6140,49997,65207
9287,49998,65208
6146,49999,65209
6653,50000,65210
6104,50001,65211
6645,50003,65213
6658,50005,65215
6119,50006,65216
6660,50007,65217
6648,50008,65218
6651,50009,65219
6647,50010,65220
6657,50011,65221
6104,50012,65222
6108,50015,65225
6651,50016,65226
6649,50017,65227
6104,50018,65228
6104,50019,65229
6659,50020,65230
6649,50021,65231
6104,50022,65232
6148,50023,65233
9287,50024,65234
6655,50025,65235
6104,50026,65236
6105,50028,65238
9292,50029,65239
9292,50030,65240
6662,50031,65241
6147,50032,65242
9292,50033,65243
6653,50034,65244
6140,50035,65245
6647,50036,65246
6645,50037,65247
6645,50038,65248
6148,50039,65249
9287,50040,65250
6657,50041,65251
6649,50042,65252
6119,50043,65253
9292,50046,65256
6654,50047,65257
6108,50048,65258
9283,50049,65259
6655,50051,65261
9281,50052,65262
6653,50053,65263
6654,50055,65265
6655,50056,65266
6653,50057,65267
6656,50058,65268
6658,50059,65269
9292,50061,65271
6656,50062,65272
6108,50063,65273
9281,50064,65274
6140,50065,65275
6635,50066,65276
6105,50068,65278
6656,50069,65279
6648,50070,65280
6119,50071,65281
6659,50073,65283
6659,50074,65284
6635,50075,65285
6108,50076,65286
6655,50077,65287
6108,50078,65288
6113,50079,65289
6660,50080,65290
6650,50081,65291
6105,50082,65292
6148,50083,65293
6105,50084,65294
6147,50085,65295
6660,50086,65296
6113,50087,65297
9296,50088,65298
6648,50090,65300
6662,50091,65301
6650,50092,65302
6657,50093,65303
6105,50094,65304
6105,50095,65305
6654,50096,65306
6119,50097,65307
6148,50098,65308
9287,50100,65310
9292,50101,65311
6108,50102,65312
6653,50104,65314
6148,50105,65315
6140,50106,65316
6651,50107,65317
6660,50108,65318
6659,50109,65319
9296,50110,65320
6660,50111,65321
6113,50112,65322
6113,50113,65323
9296,50114,65324
6654,50115,65325
6108,50116,65326
6656,50117,65327
6655,50119,65329
6108,50120,65330
9292,50122,65332
6650,50123,65333
6650,50124,65334
6147,50125,65335
9283,50126,65336
6651,50127,65337
6147,50128,65338
6105,50129,65339
6656,50130,65340
6652,50131,65341
9296,50133,65343
9296,50134,65344
6656,50135,65345
6658,50136,65346
6140,50137,65347
6113,50138,65348
6657,50140,65350
9283,50143,65353
6104,50144,65354
6660,50146,65356
6651,50148,65358
6660,50150,65360
6658,50151,65361
6147,50152,65362
6660,50153,65363
6662,50155,65365
6658,50156,65366
6104,50157,65367
6148,50158,65368
6657,50159,65369
6645,50160,65370
9283,50161,65371
6645,50162,65372
6653,50163,65373
9287,50164,65374
6104,50165,65375
6148,50166,65376
6652,50167,65377
6660,50169,65379
6649,50170,65380
6645,50171,65381
9296,50173,65383
6662,50174,65384
6655,50175,65385
6113,50176,65386
6657,50177,65387
6108,50178,65388
6658,50179,65389
6647,50180,65390
6662,50181,65391
6654,50182,65392
9281,50183,65393
6660,50184,65394
6113,50185,65395
9287,50186,65396
9292,50189,65399
6119,50192,65402
6119,50194,65404
9287,50195,65405
6648,50197,65407
6657,50198,65408
6104,50200,65410
6147,50201,65411
6645,50202,65412
6657,50203,65413
6654,50204,65414
9292,50205,65415
6119,50207,65417
6147,50208,65418
6650,50209,65419
6647,50210,65420
6148,50212,65422
9287,50213,65423
6657,50214,65424
6147,50215,65425
6653,50216,65426
6656,50217,65427
9296,50218,65428
6148,50219,65429
6662,50220,65430
6146,50221,65431
6650,50223,65433
6660,50224,65434
9287,50226,65436
6119,50227,65437
6651,50228,65438
6658,50229,65439
6659,50230,65440
6653,50231,65441
6658,50232,65442
9296,50233,65443
9283,50234,65444
6651,50236,65446
6147,50237,65447
6635,50238,65448
6650,50240,65450
6645,50241,65451
6140,50242,65452
6140,50243,65453
6648,50244,65454
6647,50246,65456
9296,50248,65458
6648,50249,65459
6104,50250,65460
6105,50251,65461
6648,50252,65462
6148,50253,65463
6113,50254,65464
6655,50255,65465
6652,50256,65466
6654,50257,65467
6658,50258,65468
6648,50259,65469
6651,50260,65470
6148,50262,65472
6104,50263,65473
6653,50264,65474
9287,50265,65475
9287,50266,65476
6108,50267,65477
6655,50268,65478
6662,50271,65481
6647,50272,65482
6105,50273,65483
6659,50274,65484
6647,50275,65485
6119,50276,65486
6662,50277,65487
6651,50278,65488
6108,50279,65489
6140,50280,65490
6659,50281,65491
6649,50282,65492
6113,50283,65493
9287,50287,65497
6645,50289,65499
9283,50291,65501
6140,50293,65503
6140,50294,65504
6651,50295,65505
6148,50296,65506
9296,50297,65507
9281,50298,65508
6660,50299,65509
6654,50300,65510
6650,50301,65511
6147,50302,65512
6655,50303,65513
6147,50305,65515
6650,50306,65516
9296,50307,65517
9283,50308,65518
6658,50309,65519
6652,50310,65520
6655,50311,65521
6657,50312,65522
6662,50313,65523
6113,50314,65524
9292,50315,65525
6649,50316,65526
6113,50318,65528
6653,50319,65529
9287,50320,65530
6140,50321,65531
6647,50323,65533
9292,50325,65535
6648,50327,65537
6108,50328,65538
6656,50329,65539
6656,50331,65541
6650,50332,65542
6119,50333,65543
9296,50334,65544
6656,50335,65545
9287,50336,65546
6658,50337,65547
6649,50339,65549
6146,50341,65551
9292,50342,65552
6649,50343,65553
6148,50344,65554
6647,50345,65555
6649,50346,65556
6657,50347,65557
6649,50348,65558
6657,50349,65559
6655,50350,65560
6658,50352,65562
6635,50353,65563
6653,50354,65564
6148,50355,65565
6147,50356,65566
9283,50357,65567
6113,50358,65568
6645,50359,65569
9296,50361,65571
6647,50362,65572
6660,50363,65573
6662,50364,65574
9283,50365,65575
9283,50366,65576
6658,50367,65577
6659,50368,65578
6648,50369,65579
9296,50370,65580
6650,50371,65581
6108,50372,65582
6645,50373,65583
6108,50374,65584
9296,50375,65585
6119,50376,65586
6647,50377,65587
6140,50378,65588
6652,50379,65589
6648,50380,65590
6657,50381,65591
6113,50382,65592
6657,50383,65593
6662,50384,65594
6659,50385,65595
9296,50386,65596
6653,50388,65598
6656,50389,65599
6647,50390,65600
6647,50391,65601
6148,50392,65602
6650,50393,65603
6652,50394,65604
6147,50395,65605
6658,50396,65606
6140,50397,65607
6140,50398,65608
6648,50399,65609
6140,50400,65610
6656,50401,65611
6647,50404,65614
6653,50405,65615
6657,50406,65616
6105,50407,65617
9287,50408,65618
6655,50409,65619
9296,50410,65620
6108,50411,65621
6647,50412,65622
6650,50413,65623
6119,50414,65624
6656,50415,65625
6658,50417,65627
6655,50418,65628
6119,50419,65629
6105,50420,65630
6119,50422,65632
9283,50423,65633
6649,50424,65634
9292,50425,65635
6653,50426,65636
6651,50427,65637
6656,50428,65638
6108,50429,65639
6147,50430,65640
6650,50431,65641
6119,50432,65642
6108,50433,65643
9292,50434,65644
6647,50436,65646
6654,50437,65647
6652,50438,65648
9287,50439,65649
6647,50440,65650
6105,50441,65651
6105,50442,65652
6113,50443,65653
6148,50444,65654
9296,50445,65655
6104,50446,65656
6659,50447,65657
6108,50448,65658
6656,50449,65659
6660,50450,65660
6148,50451,65661
6651,50452,65662
6655,50453,65663
6660,50454,65664
6657,50455,65665
6651,50456,65666
6655,50457,65667
6658,50458,65668
6113,50460,65670
6655,50461,65671
6649,50462,65672
6654,50464,65674
6649,50465,65675
6660,50466,65676
6658,50467,65677
6647,50468,65678
9287,50469,65679
6662,50470,65680
6105,50471,65681
6650,50472,65682
6645,50473,65683
6635,50474,65684
6652,50475,65685
6648,50476,65686
9287,50477,65687
6108,50478,65688
6660,50479,65689
9296,50480,65690
6653,50481,65691
6104,50482,65692
6651,50484,65694
6662,50485,65695
6649,50486,65696
9287,50488,65698
6650,50490,65700
9281,50491,65701
6108,50492,65702
6658,50494,65704
6105,50495,65705
6654,50496,65706
9287,50497,65707
6654,50498,65708
6656,50499,65709
6651,50500,65710
6653,50501,65711
6104,50502,65712
6650,50503,65713
6648,50504,65714
6647,50505,65715
6147,50506,65716
6140,50508,65718
6645,50509,65719
6635,50510,65720
6653,50511,65721
6105,50512,65722
6635,50513,65723
6645,50514,65724
6656,50515,65725
6113,50516,65726
6105,50517,65727
6645,50518,65728
6656,50520,65730
9292,50521,65731
6645,50522,65732
6140,50524,65734
6651,50525,65735
6651,50527,65737
6140,50528,65738
6113,50529,65739
6104,50530,65740
9296,50532,65742
6113,50533,65743
6650,50534,65744
6113,50535,65745
9287,50536,65746
6119,50537,65747
9296,50538,65748
6147,50539,65749
6650,50540,65750
6648,50541,65751
6105,50542,65752
6108,50543,65753
6104,50545,65755
6105,50546,65756
6148,50547,65757
6650,50548,65758
9292,50549,65759
9283,50550,65760
6148,50551,65761
9296,50552,65762
9287,50553,65763
6104,50555,65765
6653,50556,65766
6657,50557,65767
6660,50558,65768
6654,50560,65770
6147,50561,65771
6655,50562,65772
6645,50563,65773
9296,50564,65774
6657,50565,65775
9287,50566,65776
6647,50567,65777
9281,50568,65778
6658,50569,65779
6652,50570,65780
6662,50571,65781
6660,50572,65782
6105,50573,65783
6113,50574,65784
6657,50575,65785
6147,50576,65786
6113,50577,65787
6659,50578,65788
6104,50580,65790
6660,50581,65791
6655,50582,65792
6104,50583,65793
6635,50584,65794
6113,50585,65795
6108,50586,65796
6654,50587,65797
6105,50588,65798
6119,50589,65799
6656,50590,65800
6119,50592,65802
9296,50593,65803
6660,50594,65804
6108,50595,65805
6140,50596,65806
6140,50597,65807
6651,50598,65808
6653,50599,65809
6656,50600,65810
9283,50601,65811
6648,50603,65813
6649,50604,65814
6658,50605,65815
6104,50606,65816
6657,50607,65817
6651,50608,65818
6655,50609,65819
6651,50610,65820
6148,50611,65821
6119,50612,65822
6148,50613,65823
6105,50614,65824
6662,50615,65825
6657,50616,65826
6147,50618,65828
6651,50619,65829
9287,50620,65830
6148,50621,65831
6656,50622,65832
9296,50623,65833
6140,50624,65834
6648,50626,65836
6657,50627,65837
6635,50628,65838
6656,50629,65839
6651,50630,65840
6652,50631,65841
6662,50632,65842
6662,50633,65843
6658,50634,65844
6654,50635,65845
6649,50636,65846
6119,50637,65847
6649,50639,65849
9281,50640,65850
6147,50641,65851
6104,50642,65852
6108,50643,65853
6650,50645,65855
6650,50646,65856
6108,50647,65857
6657,50648,65858
6119,50649,65859
6649,50650,65860
6104,50651,65861
6104,50653,65863
6648,50654,65864
6148,50655,65865
6147,50656,65866
6104,50657,65867
6645,50659,65869
6147,50660,65870
6656,50661,65871
6660,50662,65872
6119,50663,65873
6113,50664,65874
9281,50665,65875
6658,50666,65876
9287,50667,65877
6147,50668,65878
9292,50670,65880
9292,50671,65881
6655,50672,65882
6654,50673,65883
9292,50674,65884
9292,50675,65885
6647,50677,65887
6655,50678,65888
6148,50679,65889
6147,50680,65890
6119,50681,65891
9281,50682,65892
9287,50683,65893
6140,50684,65894
9292,50685,65895
6660,50686,65896
6653,50687,65897
6652,50688,65898
6147,50689,65899
6660,50690,65900
6658,50691,65901
6104,50692,65902
6635,50693,65903
6635,50694,65904
6659,50695,65905
6108,50696,65906
6656,50697,65907
6648,50698,65908
6660,50699,65909
6649,50700,65910
9292,50701,65911
6140,50702,65912
6660,50703,65913
6653,50704,65914
6140,50705,65915
6148,50706,65916
6655,50707,65917
6119,50708,65918
6662,50709,65919
9287,50710,65920
6645,50711,65921
6652,50712,65922
6662,50714,65924
6105,50715,65925
6653,50716,65926
6654,50717,65927
6649,50718,65928
6140,50719,65929
9287,50720,65930
6659,50721,65931
6654,50722,65932
9296,50723,65933
6649,50724,65934
9292,50725,65935
6656,50726,65936
6652,50728,65938
9281,50729,65939
6649,50731,65941
6113,50732,65942
6105,50733,65943
9287,50734,65944
6108,50735,65945
9287,50736,65946
6648,50737,65947
6649,50739,65949
6147,50740,65950
6650,50741,65951
6647,50742,65952
6658,50743,65953
6105,50744,65954
9287,50745,65955
6140,50746,65956
6147,50747,65957
6654,50748,65958
6657,50749,65959
6650,50750,65960
6651,50751,65961
6658,50752,65962
6119,50753,65963
9296,50754,65964
6140,50755,65965
6655,50756,65966
6649,50757,65967
6658,50758,65968
6648,50759,65969
6655,50760,65970
6651,50761,65971
6650,50762,65972
6653,50763,65973
6645,50765,65975
6148,50766,65976
6108,50767,65977
6104,50768,65978
6635,50770,65980
6662,50771,65981
6647,50772,65982
6649,50773,65983
6140,50774,65984
9287,50776,65986
6104,50777,65987
6654,50778,65988
6657,50779,65989
6649,50780,65990
6104,50781,65991
6657,50782,65992
6660,50783,65993
6652,50784,65994
6655,50786,65996
9292,50787,65997
6652,50788,65998
6653,50789,65999
6645,50791,66001
6660,50792,66002
6113,50793,66003
6104,50795,66005
9287,50796,66006
6147,50797,66007
6645,50798,66008
9287,50799,66009
9287,50800,66010
9296,50802,66012
6662,50803,66013
6653,50804,66014
6656,50806,66016
6108,50808,66018
6113,50809,66019
6104,50810,66020
6148,50811,66021
6635,50812,66022
6658,50813,66023
6652,50814,66024
6648,50815,66025
6113,50816,66026
6662,50817,66027
6656,50818,66028
6113,50822,66032
6658,50823,66033
6648,50824,66034
6651,50825,66035
6648,50826,66036
6113,50827,66037
6656,50828,66038
6140,50829,66039
6648,50830,66040
6650,50831,66041
6657,50832,66042
6652,50834,66044
6647,50835,66045
9287,50836,66046
6651,50838,66048
6635,50839,66049
6635,50840,66050
6147,50842,66052
6647,50843,66053
6108,50844,66054
6147,50845,66055
9287,50846,66056
6657,50847,66057
6658,50848,66058
6140,50849,66059
6147,50850,66060
6140,50851,66061
6662,50853,66063
6652,50854,66064
6635,50855,66065
6119,50856,66066
9296,50857,66067
6108,50858,66068
6654,50859,66069
6645,50860,66070
6653,50861,66071
6652,50862,66072
6654,50863,66073
6654,50864,66074
6658,50865,66075
9296,50866,66076
6147,50868,66078
6148,50869,66079
6104,50870,66080
6105,50871,66081
6104,50872,66082
6650,50876,66086
6635,50877,66087
9287,50879,66089
6648,50880,66090
6104,50881,66091
6656,50882,66092
6650,50883,66093
6147,50884,66094
6645,50887,66097
6108,50888,66098
6140,50889,66099
6648,50890,66100
6650,50891,66101
6655,50892,66102
6653,50893,66103
6652,50894,66104
9292,50895,66105
6655,50896,66106
9287,50897,66107
6650,50898,66108
9296,50899,66109
6113,50900,66110
6649,50901,66111
6649,50903,66113
6653,50904,66114
6660,50905,66115
6105,50906,66116
6119,50907,66117
6140,50908,66118
6651,50909,66119
6656,50911,66121
6649,50912,66122
6649,50913,66123
9287,50914,66124
6657,50915,66125
6119,50916,66126
6104,50917,66127
6654,50918,66128
6645,50919,66129
6148,50920,66130
6119,50923,66133
6656,50924,66134
6635,50925,66135
9281,50926,66136
6658,50928,66138
6645,50929,66139
6108,50930,66140
6148,50932,66142
6652,50933,66143
6104,50936,66146
6140,50937,66147
6635,50938,66148
6656,50940,66150
6119,50941,66151
6660,50942,66152
6119,50943,66153
6662,50944,66154
6635,50945,66155
6635,50947,66157
6650,50948,66158
6660,50949,66159
9287,50950,66160
6656,50951,66161
6645,50953,66163
6647,50954,66164
6148,50956,66166
6660,50957,66167
6148,50958,66168
6655,50961,66171
6656,50965,66175
9292,50966,66176
6654,50967,66177
6635,50968,66178
6147,50969,66179
6119,50970,66180
6649,50971,66181
9296,50972,66182
6648,50973,66183
6148,50974,66184
6662,50975,66185
6655,50976,66186
9296,50977,66187
6105,50978,66188
6108,50979,66189
6113,50981,66191
6655,50983,66193
6119,50984,66194
6658,50985,66195
6654,50986,66196
6660,50987,66197
6658,50988,66198
6660,50989,66199
6653,50990,66200
6658,50991,66201
9296,50992,66202
6647,50993,66203
6655,50994,66204
6657,50995,66205
6635,50996,66206
6105,50997,66207
9296,50998,66208
6652,50999,66209
6662,51000,66210
6662,51001,66211
6147,51002,66212
6650,51003,66213
6648,51005,66215
6105,51006,66216
6652,51007,66217
6660,51008,66218
6653,51009,66219
9296,51010,66220
6647,51012,66222
6656,51013,66223
6105,51014,66224
6653,51015,66225
6147,51017,66227
9296,51018,66228
6645,51019,66229
6651,51021,66231
6655,51022,66232
6140,51023,66233
6658,51024,66234
9281,51025,66235
6656,51027,66237
6148,51028,66238
6119,51030,66240
6662,51031,66241
6652,51032,66242
6140,51033,66243
6653,51034,66244
6651,51035,66245
6147,51036,66246
6651,51037,66247
6119,51038,66248
6655,51039,66249
6651,51040,66250
6656,51041,66251
6652,51042,66252
6645,51044,66254
6652,51045,66255
6647,51046,66256
6657,51047,66257
6657,51048,66258
6647,51049,66259
6651,51050,66260
9296,51051,66261
6113,51052,66262
6650,51054,66264
9296,51055,66265
6104,51056,66266
6105,51057,66267
9281,51058,66268
6108,51059,66269
6647,51060,66270
6105,51061,66271
6649,51062,66272
6654,51064,66274
6148,51065,66275
6656,51066,66276
6119,51067,66277
6104,51068,66278
6655,51069,66279
6660,51070,66280
6649,51071,66281
6140,51072,66282
6108,51073,66283
6113,51074,66284
6660,51076,66286
9296,51077,66287
6635,51078,66288
6105,51079,66289
6654,51080,66290
6653,51081,66291
6148,51082,66292
6653,51083,66293
6651,51084,66294
6635,51085,66295
6647,51086,66296
6108,51087,66297
9292,51088,66298
6660,51089,66299
6657,51090,66300
9287,51091,66301
6657,51092,66302
6105,51093,66303
6651,51094,66304
6647,51095,66305
6113,51096,66306
6650,51097,66307
6108,51098,66308
6662,51099,66309
6657,51100,66310
6660,51101,66311
6660,51102,66312
6148,51103,66313
6113,51104,66314
6140,51106,66316
6653,51107,66317
6656,51108,66318
6104,51109,66319
6653,51111,66321
6656,51112,66322
6660,51113,66323
6140,51114,66324
6140,51117,66327
6648,51118,66328
6655,51119,66329
6649,51120,66330
9296,51121,66331
6662,51122,66332
6648,51123,66333
6653,51127,66337
6652,51128,66338
6148,51129,66339
6647,51131,66341
6651,51132,66342
6647,51133,66343
6108,51134,66344
6148,51135,66345
6113,51136,66346
6108,51137,66347
6119,51138,66348
6648,51139,66349
9296,51141,66351
6108,51142,66352
6649,51143,66353
6108,51145,66355
6647,51146,66356
6140,51147,66357
6147,51148,66358
6650,51149,66359
6660,51152,66362
6148,51153,66363
6656,51154,66364
6660,51155,66365
6651,51156,66366
6658,51157,66367
6108,51158,66368
6108,51159,66369
6648,51160,66370
6105,51163,66373
9296,51164,66374
6662,51165,66375
6655,51166,66376
6660,51167,66377
6148,51168,66378
6635,51169,66379
6147,51170,66380
6649,51171,66381
6647,51172,66382
9281,51173,66383
6662,51174,66384
6651,51175,66385
6648,51176,66386
6655,51178,66388
6113,51179,66389
6147,51180,66390
6650,51181,66391
6652,51182,66392
6108,51183,66393
9296,51184,66394
6140,51185,66395
9287,51186,66396
6657,51188,66398
9281,51189,66399
6649,51191,66401
6645,51192,66402
6654,51193,66403
6660,51194,66404
6148,51196,66406
6657,51197,66407
6104,51198,66408
6655,51199,66409
9287,51200,66410
6654,51201,66411
6635,51202,66412
9287,51203,66413
9287,51204,66414
6655,51205,66415
9287,51206,66416
6119,51208,66418
6649,51209,66419
6651,51210,66420
6113,51211,66421
6656,51212,66422
6648,51213,66423
6119,51214,66424
6651,51215,66425
9296,51216,66426
6652,51217,66427
6105,51219,66429
9296,51220,66430
6108,51221,66431
6113,51222,66432
6635,51223,66433
6635,51226,66436
6657,51227,66437
6645,51228,66438
6653,51229,66439
6645,51230,66440
6660,51232,66442
6105,51233,66443
6649,51235,66445
6648,51236,66446
6653,51237,66447
6104,51239,66449
6148,51240,66450
6108,51241,66451
6148,51243,66453
6655,51244,66454
6119,51245,66455
6650,51246,66456
6113,51247,66457
6645,51248,66458
6645,51249,66459
6147,51250,66460
9287,51251,66461
6656,51253,66463
6140,51254,66464
6652,51255,66465
6635,51256,66466
6105,51257,66467
6662,51258,66468
6662,51259,66469
6635,51260,66470
6119,51262,66472
6635,51263,66473
6104,51264,66474
6635,51265,66475
6113,51266,66476
6650,51267,66477
6652,51268,66478
6148,51269,66479
6656,51270,66480
6658,51271,66481
6656,51272,66482
9287,51273,66483
6649,51274,66484
6119,51275,66485
6647,51276,66486
9296,51277,66487
6662,51278,66488
6653,51279,66489
6660,51280,66490
6655,51281,66491
6105,51282,66492
6658,51283,66493
6645,51284,66494
6662,51285,66495
6104,51286,66496
9281,51287,66497
6660,51288,66498
6104,51289,66499
6147,51290,66500
6147,51292,66502
6658,51293,66503
6658,51294,66504
6647,51295,66505
6656,51296,66506
6652,51297,66507
6650,51299,66509
6656,51300,66510
9296,51301,66511
9287,51302,66512
6657,51303,66513
6652,51304,66514
6104,51305,66515
6105,51306,66516
6662,51307,66517
6113,51308,66518
6140,51309,66519
6660,51310,66520
6651,51311,66521
6652,51312,66522
6647,51313,66523
6656,51314,66524
6648,51315,66525
6113,51316,66526
6119,51317,66527
6655,51318,66528
6105,51319,66529
6653,51321,66531
6657,51322,66532
6147,51324,66534
9287,51327,66537
6651,51328,66538
6650,51329,66539
9296,51330,66540
9296,51331,66541
6656,51332,66542
6104,51333,66543
6653,51334,66544
6147,51335,66545
6653,51336,66546
6140,51337,66547
6105,51338,66548
6645,51339,66549
6105,51340,66550
6148,51341,66551
6654,51342,66552
6658,51343,66553
6652,51344,66554
6104,51345,66555
6648,51346,66556
6654,51349,66559
9287,51350,66560
6657,51351,66561
6660,51352,66562
9292,51353,66563
6635,51354,66564
6147,51355,66565
6119,51356,66566
9296,51357,66567
6148,51358,66568
6660,51359,66569
6657,51360,66570
6650,51361,66571
6104,51362,66572
6140,51363,66573
6654,51365,66575
6655,51366,66576
6654,51367,66577
6645,51368,66578
6105,51369,66579
6649,51370,66580
6657,51371,66581
6658,51372,66582
6651,51373,66583
9287,51374,66584
6650,51375,66585
6650,51376,66586
6662,51377,66587
6657,51378,66588
9281,51379,66589
6648,51380,66590
6647,51381,66591
9296,51382,66592
6652,51383,66593
6649,51384,66594
6635,51385,66595
6662,51386,66596
6108,51387,66597
6147,51388,66598
6652,51389,66599
6651,51390,66600
6148,51391,66601
6140,51393,66603
9287,51395,66605
6651,51396,66606
9296,51397,66607
9287,51398,66608
6119,51399,66609
6635,51400,66610
6113,51401,66611
6658,51402,66612
6654,51405,66615
6653,51406,66616
6635,51407,66617
6647,51408,66618
6655,51409,66619
6635,51410,66620
6647,51411,66621
6119,51412,66622
6635,51413,66623
6650,51414,66624
6650,51415,66625
6147,51416,66626
6656,51417,66627
6658,51418,66628
6654,51420,66630
6649,51423,66633
6652,51424,66634
6655,51425,66635
9292,51426,66636
6654,51427,66637
6105,51428,66638
6113,51429,66639
6645,51430,66640
9287,51431,66641
6104,51433,66643
6649,51434,66644
6108,51435,66645
6645,51437,66647
6649,51438,66648
6148,51439,66649
6652,51440,66650
6660,51441,66651
6651,51442,66652
6656,51443,66653
6653,51444,66654
6140,51445,66655
6647,51447,66657
6119,51448,66658
6104,51449,66659
6651,51450,66660
9292,51451,66661
6113,51453,66663
6660,51455,66665
6113,51456,66666
6650,51459,66669
6655,51460,66670
6147,51461,66671
9296,51462,66672
6656,51463,66673
6658,51464,66674
6105,51465,66675
6660,51466,66676
6652,51467,66677
6647,51468,66678
6657,51469,66679
6140,51470,66680
6658,51473,66683
6657,51475,66685
6658,51476,66686
6654,51477,66687
9292,51478,66688
6108,51479,66689
6119,51480,66690
6657,51482,66692
6653,51483,66693
6104,51485,66695
6649,51486,66696
6656,51487,66697
6653,51488,66698
6104,51489,66699
6656,51490,66700
6108,51491,66701
6147,51493,66703
6658,51494,66704
6148,51495,66705
6652,51496,66706
6654,51497,66707
6655,51499,66709
6656,51500,66710
6648,51501,66711
6657,51502,66712
6662,51503,66713
6113,51505,66715
6655,51506,66716
6104,51507,66717
9292,51508,66718
6652,51509,66719
6658,51511,66721
6662,51512,66722
6655,51513,66723
6147,51514,66724
6147,51515,66725
6105,51516,66726
6649,51517,66727
6645,51518,66728
6658,51519,66729
6658,51520,66730
6147,51521,66731
6108,51522,66732
6148,51523,66733
6148,51524,66734
6140,51525,66735
6119,51526,66736
6654,51527,66737
6649,51528,66738
6651,51529,66739
6650,51530,66740
6656,51531,66741
6649,51532,66742
6653,51533,66743
6648,51535,66745
9287,51536,66746
6148,51537,66747
6653,51538,66748
6656,51539,66749
6651,51540,66750
6113,51541,66751
6105,51542,66752
6113,51543,66753
6113,51544,66754
6648,51545,66755
6653,51546,66756
6108,51547,66757
6140,51548,66758
9292,51549,66759
9281,51550,66760
6148,51551,66761
6119,51553,66763
6113,51554,66764
6113,51555,66765
6104,51556,66766
6645,51557,66767
6654,51558,66768
6108,51559,66769
6649,51560,66770
6113,51561,66771
6119,51562,66772
6147,51563,66773
6647,51566,66776
9287,51567,66777
6653,51568,66778
6140,51569,66779
9292,51570,66780
6660,51571,66781
6113,51572,66782
6105,51573,66783
6654,51574,66784
6645,51575,66785
6645,51576,66786
6660,51577,66787
6662,51578,66788
6651,51580,66790
6655,51581,66791
9296,51582,66792
6105,51584,66794
6645,51585,66795
6647,51586,66796
6647,51587,66797
6654,51588,66798
6662,51589,66799
6657,51590,66800
6147,51591,66801
6648,51592,66802
9287,51593,66803
6658,51594,66804
6104,51595,66805
6659,51597,66807
6657,51598,66808
6148,51599,66809
9296,51600,66810
9281,51601,66811
6659,51602,66812
6635,51603,66813
6140,51604,66814
6119,51605,66815
6651,51608,66818
6148,51609,66819
9296,51610,66820
6648,51611,66821
9296,51612,66822
6105,51613,66823
9296,51614,66824
6655,51615,66825
6649,51617,66827
6108,51618,66828
6113,51619,66829
6653,51620,66830
6658,51621,66831
6140,51622,66832
6649,51623,66833
9287,51624,66834
6650,51626,66836
6147,51627,66837
6104,51628,66838
6108,51629,66839
9296,51631,66841
6105,51632,66842
9281,51633,66843
6147,51634,66844
6105,51635,66845
6113,51636,66846
9287,51637,66847
6662,51638,66848
6651,51639,66849
6649,51640,66850
6140,51641,66851
6662,51642,66852
6119,51643,66853
6105,51644,66854
9287,51645,66855
6650,51646,66856
6652,51647,66857
6662,51648,66858
9296,51649,66859
6635,51650,66860
6651,51651,66861
6657,51652,66862
6635,51653,66863
9296,51654,66864
6659,51655,66865
6140,51656,66866
6649,51657,66867
6653,51658,66868
6147,51659,66869
6650,51660,66870
6113,51661,66871
6140,51662,66872
6104,51663,66873
6657,51664,66874
6651,51665,66875
6647,51666,66876
6140,51667,66877
6113,51668,66878
6648,51669,66879
6645,51670,66880
6657,51671,66881
6656,51672,66882
6655,51673,66883
6119,51674,66884
6650,51675,66885
6654,51676,66886
6649,51677,66887
6656,51678,66888
6119,51679,66889
6148,51680,66890
6657,51681,66891
6650,51682,66892
9287,51683,66893
6660,51684,66894
6104,51685,66895
6647,51686,66896
6652,51687,66897
6660,51688,66898
6654,51689,66899
6658,51690,66900
6659,51691,66901
9292,51692,66902
6657,51693,66903
6119,51694,66904
6119,51695,66905
6653,51696,66906
6656,51697,66907
9296,51698,66908
6655,51699,66909
6148,51700,66910
6647,51701,66911
6105,51703,66913
6119,51704,66914
6656,51705,66915
6105,51706,66916
6653,51707,66917
9296,51708,66918
6650,51709,66919
6659,51711,66921
9287,51712,66922
6108,51713,66923
6658,51714,66924
9287,51715,66925
6660,51716,66926
6655,51717,66927
6104,51718,66928
6660,51719,66929
6635,51720,66930
6662,51721,66931
6651,51722,66932
6662,51723,66933
6654,51724,66934
6108,51725,66935
6652,51726,66936
6119,51727,66937
9296,51728,66938
6655,51729,66939
6140,51730,66940
6645,51731,66941
6108,51732,66942
6104,51733,66943
9287,51734,66944
6656,51735,66945
6104,51736,66946
6147,51737,66947
6140,51738,66948
6657,51740,66950
6657,51742,66952
9296,51743,66953
6650,51744,66954
6653,51745,66955
6148,51746,66956
6645,51747,66957
6657,51748,66958
6140,51749,66959
6104,51750,66960
6148,51751,66961
6113,51752,66962
6660,51753,66963
6635,51754,66964
6651,51755,66965
6651,51756,66966
6651,51757,66967
6660,51758,66968
6104,51759,66969
6657,51760,66970
6648,51762,66972
6660,51763,66973
9281,51764,66974
6645,51765,66975
6648,51766,66976
6649,51767,66977
6108,51768,66978
9287,51769,66979
6645,51770,66980
6108,51771,66981
6148,51772,66982
6651,51774,66984
6650,51775,66985
6147,51776,66986
6108,51777,66987
6119,51778,66988
6658,51779,66989
6648,51780,66990
6655,51781,66991
6647,51782,66992
6654,51783,66993
9287,51784,66994
6647,51785,66995
6659,51786,66996
6105,51787,66997
6647,51789,66999
6659,51790,67000
6650,51791,67001
6140,51792,67002
6656,51793,67003
6119,51794,67004
6105,51795,67005
6660,51796,67006
6655,51797,67007
6656,51798,67008
6119,51799,67009
6147,51800,67010
6650,51801,67011
9296,51803,67013
6148,51804,67014
6653,51805,67015
6108,51806,67016
6654,51807,67017
6660,51808,67018
6660,51809,67019
6656,51811,67021
6104,51812,67022
6147,51814,67024
6659,51815,67025
9287,51816,67026
6148,51818,67028
6658,51819,67029
9296,51820,67030
6648,51821,67031
9287,51822,67032
6105,51823,67033
6658,51824,67034
6113,51825,67035
6647,51826,67036
6662,51827,67037
6658,51828,67038
6147,51829,67039
6647,51830,67040
6655,51831,67041
6660,51832,67042
6653,51833,67043
6659,51834,67044
6105,51835,67045
6650,51837,67047
6660,51838,67048
6140,51839,67049
6647,51840,67050
6656,51841,67051
6649,51842,67052
6108,51843,67053
6105,51844,67054
6659,51845,67055
6645,51846,67056
6105,51847,67057
6113,51848,67058
9296,51849,67059
6656,51850,67060
6119,51851,67061
6657,51852,67062
6657,51853,67063
6104,51854,67064
6658,51855,67065
6105,51856,67066
6654,51857,67067
6657,51858,67068
6660,51859,67069
6649,51860,67070
6147,51861,67071
6104,51862,67072
6108,51863,67073
6647,51864,67074
6645,51865,67075
6147,51866,67076
6113,51867,67077
6147,51868,67078
6140,51869,67079
6104,51870,67080
6148,51871,67081
6140,51872,67082
6148,51873,67083
6119,51874,67084
6635,51875,67085
6654,51876,67086
6647,51877,67087
6649,51878,67088
6105,51879,67089
6104,51880,67090
6148,51881,67091
6653,51882,67092
6648,51883,67093
6651,51884,67094
6108,51885,67095
6656,51886,67096
6104,51887,67097
6660,51888,67098
6635,51889,67099
6657,51890,67100
6658,51891,67101
6652,51892,67102
9292,51893,67103
6655,51894,67104
6147,51895,67105
6659,51896,67106
9292,51898,67108
6653,51899,67109
6108,51900,67110
6655,51901,67111
6655,51902,67112
6105,51903,67113
6657,51904,67114
6104,51905,67115
9292,51906,67116
6655,51907,67117
6657,51908,67118
6658,51909,67119
6148,51910,67120
9287,51911,67121
6662,51912,67122
6140,51914,67124
6649,51915,67125
6119,51916,67126
6104,51917,67127
6649,51918,67128
6650,51919,67129
6662,51920,67130
6656,51921,67131
6655,51922,67132
6650,51923,67133
6660,51924,67134
6649,51925,67135
9281,51926,67136
6140,51927,67137
6148,51928,67138
6104,51929,67139
6108,51930,67140
6660,51931,67141
6651,51932,67142
6104,51933,67143
6105,51934,67144
6647,51935,67145
6650,51938,67148
6635,51940,67150
6654,51942,67152
6660,51943,67153
6650,51944,67154
6147,51945,67155
6654,51946,67156
6656,51947,67157
6662,51948,67158
9296,51949,67159
6652,51950,67160
6648,51951,67161
6147,51952,67162
6658,51953,67163
6148,51954,67164
9292,51955,67165
6652,51956,67166
6658,51957,67167
6662,51958,67168
6105,51959,67169
6658,51960,67170
6656,51961,67171
9296,51962,67172
6113,51963,67173
6652,51964,67174
6651,51965,67175
9292,51966,67176
6147,51968,67178
6105,51969,67179
6119,51970,67180
6660,51971,67181
6649,51972,67182
6653,51973,67183
6105,51974,67184
9296,51975,67185
6656,51976,67186
6108,51977,67187
6648,51978,67188
9287,51979,67189
9287,51980,67190
9281,51981,67191
6660,51982,67192
6645,51983,67193
9296,51984,67194
6647,51985,67195
9292,51986,67196
6140,51987,67197
6659,51988,67198
6635,51989,67199
6659,51990,67200
9296,51991,67201
6105,51992,67202
9281,51993,67203
6648,51994,67204
6104,51995,67205
6652,51996,67206
6140,51997,67207
6104,51998,67208
9292,51999,67209
6104,52000,67210
6662,52002,67212
6645,52003,67213
6649,52004,67214
9281,52005,67215
6635,52006,67216
6654,52008,67218
6104,52010,67220
6140,52011,67221
6148,52012,67222
6148,52015,67225
6645,52016,67226
6658,52017,67227
6651,52018,67228
6653,52019,67229
6108,52021,67231
6650,52022,67232
6656,52023,67233
6651,52024,67234
6647,52026,67236
6648,52027,67237
6108,52028,67238
6108,52029,67239
6656,52030,67240
6654,52031,67241
6649,52032,67242
6648,52033,67243
9287,52034,67244
6113,52035,67245
6657,52036,67246
6655,52037,67247
6656,52038,67248
6648,52039,67249
6105,52040,67250
9287,52042,67252
6658,52043,67253
6105,52044,67254
9296,52045,67255
6147,52046,67256
6660,52047,67257
6658,52048,67258
6108,52049,67259
6147,52050,67260
6648,52051,67261
6658,52052,67262
6648,52053,67263
6656,52054,67264
6654,52055,67265
6647,52056,67266
6635,52057,67267
9287,52058,67268
6656,52059,67269
6660,52061,67271
6652,52062,67272
9281,52063,67273
6635,52064,67274
6645,52065,67275
6140,52066,67276
9281,52067,67277
6652,52068,67278
6113,52069,67279
6648,52070,67280
6647,52071,67281
6113,52072,67282
9296,52073,67283
9281,52074,67284
6113,52075,67285
6651,52076,67286
6140,52077,67287
6655,52078,67288
6662,52079,67289
6649,52080,67290
9281,52081,67291
6119,52082,67292
6660,52083,67293
6651,52084,67294
6653,52085,67295
6660,52086,67296
6148,52087,67297
6654,52088,67298
6140,52089,67299
6655,52090,67300
6657,52091,67301
6119,52092,67302
6113,52093,67303
9287,52094,67304
6662,52095,67305
6651,52096,67306
9287,52097,67307
9287,52098,67308
6108,52099,67309
6147,52100,67310
6658,52101,67311
6105,52102,67312
9296,52103,67313
6655,52104,67314
6653,52105,67315
6119,52106,67316
6649,52107,67317
9296,52109,67319
6113,52110,67320
6119,52111,67321
9287,52112,67322
6645,52113,67323
6148,52114,67324
6657,52115,67325
6635,52116,67326
6657,52117,67327
6651,52118,67328
6147,52119,67329
6660,52120,67330
6662,52121,67331
9287,52123,67333
6635,52124,67334
6148,52125,67335
6148,52126,67336
6653,52127,67337
6650,52128,67338
6662,52129,67339
6650,52130,67340
6657,52131,67341
6147,52132,67342
6653,52133,67343
6113,52134,67344
6647,52135,67345
6113,52136,67346
9287,52137,67347
9281,52138,67348
6113,52139,67349
6147,52140,67350
9287,52141,67351
9296,52142,67352
6653,52143,67353
6108,52144,67354
6647,52145,67355
6148,52146,67356
9296,52147,67357
6647,52148,67358
6649,52149,67359
6651,52150,67360
6660,52151,67361
6652,52152,67362
6147,52154,67364
6660,52156,67366
6652,52158,67368
6140,52159,67369
6651,52160,67370
6119,52161,67371
6140,52162,67372
6654,52164,67374
6119,52165,67375
9296,52166,67376
6650,52167,67377
6653,52168,67378
6657,52169,67379
6656,52170,67380
6655,52171,67381
6653,52172,67382
6650,52173,67383
6650,52174,67384
6119,52176,67386
9287,52177,67387
6108,52178,67388
6119,52179,67389
6119,52180,67390
6653,52181,67391
6650,52182,67392
6645,52183,67393
6635,52184,67394
6650,52185,67395
6645,52186,67396
6140,52187,67397
6662,52188,67398
6108,52189,67399
6104,52190,67400
6108,52191,67401
6645,52192,67402
6647,52193,67403
6113,52194,67404
9292,52195,67405
6654,52196,67406
9296,52197,67407
6119,52198,67408
6658,52199,67409
6655,52200,67410
6651,52201,67411
6105,52202,67412
6656,52203,67413
6647,52204,67414
6655,52205,67415
6652,52207,67417
6140,52208,67418
6148,52209,67419
6649,52210,67420
9292,52211,67421
6113,52212,67422
6656,52213,67423
6660,52214,67424
6653,52215,67425
9296,52216,67426
6104,52217,67427
6651,52218,67428
6653,52220,67430
6652,52221,67431
6652,52222,67432
6645,52224,67434
6648,52225,67435
6660,52226,67436
6652,52227,67437
9296,52228,67438
9296,52229,67439
6140,52230,67440
6657,52231,67441
9287,52232,67442
9287,52233,67443
6662,52234,67444
9292,52235,67445
6649,52236,67446
6647,52237,67447
9287,52238,67448
6108,52239,67449
6148,52240,67450
6658,52241,67451
6654,52242,67452
6635,52243,67453
6656,52245,67455
9287,52246,67456
6113,52247,67457
6649,52248,67458
6647,52249,67459
6108,52250,67460
6656,52251,67461
6657,52252,67462
9281,52253,67463
6140,52254,67464
6650,52255,67465
6651,52256,67466
6654,52257,67467
6654,52258,67468
6108,52259,67469
6660,52260,67470
6105,52261,67471
6108,52262,67472
6658,52263,67473
6113,52264,67474
6655,52265,67475
6650,52266,67476
6652,52267,67477
6655,52268,67478
6656,52269,67479
6635,52270,67480
9287,52272,67482
6140,52273,67483
6648,52274,67484
6147,52275,67485
9287,52276,67486
9292,52277,67487
6650,52278,67488
6662,52279,67489
6657,52280,67490
6651,52281,67491
9287,52282,67492
6656,52283,67493
6645,52284,67494
6653,52285,67495
9292,52286,67496
6649,52287,67497
6647,52288,67498
6645,52289,67499
6140,52290,67500
9292,52291,67501
6656,52292,67502
9296,52293,67503
9292,52294,67504
6147,52295,67505
6648,52296,67506
6654,52298,67508
6108,52299,67509
9296,52300,67510
6104,52301,67511
6656,52302,67512
6119,52303,67513
9281,52304,67514
6654,52305,67515
6113,52306,67516
6148,52307,67517
6656,52308,67518
6656,52309,67519
6108,52310,67520
6650,52311,67521
6140,52312,67522
6648,52313,67523
6651,52314,67524
6140,52315,67525
6147,52316,67526
6635,52317,67527
6645,52318,67528
9296,52319,67529
6651,52320,67530
6662,52321,67531
6645,52322,67532
6657,52323,67533
6655,52324,67534
6119,52325,67535
6652,52326,67536
9281,52327,67537
6649,52328,67538
9281,52329,67539
9296,52330,67540
6105,52331,67541
6119,52332,67542
6147,52333,67543
6104,52334,67544
6147,52335,67545
6148,52336,67546
6147,52337,67547
6658,52338,67548
6656,52339,67549
6105,52340,67550
6656,52341,67551
6650,52342,67552
9292,52343,67553
6653,52344,67554
6119,52345,67555
6650,52346,67556
6652,52348,67558
6148,52349,67559
6148,52351,67561
6652,52352,67562
6660,52353,67563
6649,52354,67564
6660,52355,67565
6655,52356,67566
6140,52357,67567
6652,52358,67568
9292,52359,67569
6148,52360,67570
6113,52361,67571
6108,52362,67572
6140,52363,67573
6655,52364,67574
6648,52365,67575
9287,52366,67576
6119,52367,67577
6655,52368,67578
6650,52369,67579
6658,52370,67580
6105,52371,67581
6147,52372,67582
6635,52373,67583
6657,52374,67584
6140,52375,67585
9296,52376,67586
6647,52377,67587
6635,52378,67588
9296,52379,67589
6148,52380,67590
6649,52381,67591
6113,52382,67592
6653,52383,67593
6647,52384,67594
6147,52385,67595
6649,52386,67596
6658,52387,67597
6119,52388,67598
6635,52389,67599
6104,52390,67600
6649,52391,67601
9296,52392,67602
6655,52393,67603
6148,52394,67604
6651,52395,67605
6655,52396,67606
9287,52397,67607
6650,52398,67608
6147,52399,67609
6105,52400,67610
6652,52402,67612
9287,52403,67613
9281,52405,67615
6105,52406,67616
6108,52407,67617
6119,52408,67618
6657,52409,67619
6660,52410,67620
6105,52411,67621
6660,52412,67622
6648,52413,67623
6662,52414,67624
6104,52415,67625
6104,52416,67626
6650,52417,67627
6140,52418,67628
6645,52419,67629
9296,52420,67630
6655,52421,67631
9296,52422,67632
6660,52423,67633
6647,52424,67634
6655,52425,67635
6656,52426,67636
6113,52427,67637
6650,52428,67638
6662,52429,67639
9287,52430,67640
6105,52431,67641
6651,52432,67642
9281,52433,67643
6660,52434,67644
6647,52435,67645
6662,52436,67646
6147,52437,67647
9281,52438,67648
6104,52439,67649
6104,52440,67650
6148,52441,67651
6140,52442,67652
6119,52443,67653
6105,52444,67654
6660,52445,67655
6648,52446,67656
6655,52447,67657
9281,52448,67658
6635,52449,67659
6108,52451,67661
6658,52452,67662
6108,52453,67663
6654,52454,67664
6657,52456,67666
6652,52457,67667
6148,52458,67668
6648,52459,67669
6657,52460,67670
6658,52461,67671
6148,52462,67672
9281,52463,67673
6662,52464,67674
9281,52465,67675
6140,52466,67676
6147,52467,67677
6119,52468,67678
6653,52469,67679
6113,52471,67681
9292,52472,67682
9296,52473,67683
6662,52474,67684
6657,52475,67685
6648,52476,67686
6649,52477,67687
6105,52478,67688
6651,52479,67689
6658,52480,67690
6651,52481,67691
6105,52482,67692
6660,52483,67693
6660,52484,67694
6104,52485,67695
6113,52486,67696
6647,52487,67697
9281,52489,67699
6147,52490,67700
6105,52491,67701
9287,52492,67702
9281,52493,67703
6658,52494,67704
6653,52495,67705
6635,52496,67706
6104,52497,67707
9281,52498,67708
6104,52500,67710
6648,52501,67711
6653,52502,67712
6105,52503,67713
6647,52504,67714
9296,52505,67715
6656,52506,67716
6654,52507,67717
6654,52508,67718
6660,52509,67719
6658,52510,67720
6650,52511,67721
9292,52512,67722
6650,52513,67723
6653,52514,67724
9287,52515,67725
6113,52516,67726
6649,52517,67727
6635,52518,67728
6147,52519,67729
6635,52520,67730
6651,52521,67731
6119,52522,67732
6104,52523,67733
6635,52524,67734
9292,52525,67735
6140,52526,67736
6652,52527,67737
6657,52528,67738
6148,52529,67739
6653,52531,67741
6652,52532,67742
6108,52534,67744
9292,52535,67745
6113,52536,67746
6649,52537,67747
6140,52538,67748
6113,52539,67749
6662,52540,67750
6108,52541,67751
6652,52542,67752
6652,52543,67753
6657,52544,67754
6651,52545,67755
6656,52546,67756
6635,52547,67757
6119,52548,67758
6653,52550,67760
6635,52551,67761
6662,52552,67762
6649,52553,67763
6647,52554,67764
6658,52555,67765
9287,52556,67766
9292,52557,67767
6654,52558,67768
6148,52559,67769
6660,52560,67770
6647,52561,67771
6647,52562,67772
6113,52563,67773
9281,52564,67774
6658,52565,67775
6635,52566,67776
6108,52567,67777
6108,52568,67778
6104,52569,67779
6645,52570,67780
6656,52571,67781
6655,52572,67782
6653,52573,67783
6119,52574,67784
6645,52575,67785
6657,52576,67786
9292,52577,67787
6113,52578,67788
6119,52579,67789
6147,52580,67790
6148,52581,67791
9292,52582,67792
6105,52583,67793
6645,52584,67794
6113,52585,67795
6645,52586,67796
6651,52587,67797
6119,52589,67799
6104,52590,67800
6654,52591,67801
9281,52592,67802
6140,52593,67803
6105,52594,67804
6660,52595,67805
6105,52596,67806
6651,52597,67807
9287,52598,67808
6104,52599,67809
6653,52600,67810
6108,52601,67811
6148,52602,67812
6105,52603,67813
6653,52605,67815
6654,52606,67816
6147,52607,67817
6108,52608,67818
6658,52609,67819
6147,52610,67820
6104,52611,67821
6140,52612,67822
6657,52613,67823
6113,52614,67824
9296,52615,67825
6650,52616,67826
6645,52617,67827
9296,52618,67828
6649,52619,67829
6656,52620,67830
6650,52621,67831
6655,52622,67832
6657,52623,67833
6657,52624,67834
6147,52625,67835
9292,52626,67836
6119,52627,67837
6645,52628,67838
6147,52629,67839
6655,52630,67840
6649,52631,67841
6148,52632,67842
9292,52633,67843
6140,52634,67844
6140,52635,67845
6105,52636,67846
6652,52637,67847
6647,52638,67848
6119,52640,67850
6119,52641,67851
9281,52642,67852
6148,52643,67853
6648,52644,67854
6104,52645,67855
6140,52646,67856
6649,52647,67857
6652,52648,67858
6147,52649,67859
9281,52650,67860
6635,52651,67861
6656,52652,67862
6655,52653,67863
6658,52654,67864
6148,52655,67865
6655,52656,67866
6140,52657,67867
6647,52658,67868
6148,52659,67869
6654,52660,67870
6660,52661,67871
6635,52662,67872
6119,52663,67873
9292,52664,67874
6650,52666,67876
6648,52667,67877
6651,52668,67878
6662,52669,67879
6656,52670,67880
6635,52671,67881
9296,52672,67882
6113,52673,67883
6654,52674,67884
6662,52675,67885
6656,52676,67886
9287,52677,67887
6140,52678,67888
6653,52679,67889
6647,52680,67890
6647,52681,67891
6635,52682,67892
6662,52683,67893
6650,52684,67894
6108,52685,67895
6648,52686,67896
6148,52687,67897
6662,52688,67898
6649,52689,67899
6113,52690,67900
6119,52691,67901
9296,52692,67902
6655,52693,67903
9296,52694,67904
9287,52695,67905
6652,52696,67906
6649,52698,67908
6662,52699,67909
6119,52700,67910
6657,52701,67911
6140,52702,67912
6108,52703,67913
6662,52704,67914
6645,52705,67915
6651,52706,67916
6108,52707,67917
6654,52708,67918
9292,52709,67919
6147,52710,67920
6653,52711,67921
6113,52712,67922
6647,52713,67923
9296,52715,67925
6654,52716,67926
6651,52717,67927
6108,52718,67928
6648,52719,67929
6660,52720,67930
6651,52721,67931
6652,52722,67932
6105,52723,67933
6654,52724,67934
9281,52725,67935
6635,52728,67938
6657,52729,67939
6651,52730,67940
6113,52731,67941
6104,52732,67942
6656,52733,67943
6647,52734,67944
6658,52735,67945
6104,52737,67947
6658,52738,67948
6648,52739,67949
6653,52740,67950
6657,52741,67951
6651,52742,67952
6650,52743,67953
6105,52744,67954
6649,52746,67956
6113,52747,67957
6148,52748,67958
6645,52749,67959
6148,52750,67960
6119,52751,67961
6660,52752,67962
6658,52753,67963
6653,52754,67964
6119,52755,67965
6147,52756,67966
6104,52757,67967
9292,52758,67968
6662,52759,67969
6104,52760,67970
6658,52761,67971
9281,52762,67972
6645,52763,67973
6650,52764,67974
6147,52765,67975
6645,52766,67976
6657,52767,67977
6655,52769,67979
6147,52770,67980
6147,52771,67981
6651,52772,67982
6651,52773,67983
6651,52776,67986
6647,52777,67987
9296,52778,67988
6647,52779,67989
6652,52780,67990
6635,52781,67991
6140,52782,67992
6645,52783,67993
6140,52784,67994
6147,52785,67995
6652,52786,67996
9281,52787,67997
9281,52788,67998
6657,52789,67999
6119,52790,68000
6105,52791,68001
6147,52792,68002
6649,52793,68003
6656,52794,68004
6650,52795,68005
6108,52797,68007
6105,52798,68008
6650,52799,68009
6660,52800,68010
6645,52801,68011
6650,52802,68012
6658,52803,68013
6635,52804,68014
6660,52805,68015
6148,52806,68016
6113,52807,68017
9296,52808,68018
6140,52809,68019
6648,52810,68020
6648,52811,68021
6649,52812,68022
6635,52813,68023
6656,52814,68024
6635,52815,68025
6113,52816,68026
9281,52817,68027
9296,52818,68028
6660,52819,68029
6104,52820,68030
6653,52821,68031
9296,52822,68032
6654,52823,68033
6119,52824,68034
6148,52825,68035
6655,52826,68036
9287,52827,68037
6104,52828,68038
6105,52829,68039
6635,52830,68040
6105,52831,68041
6653,52832,68042
6657,52833,68043
6649,52834,68044
6654,52835,68045
6652,52836,68046
6653,52837,68047
6653,52838,68048
6104,52839,68049
6653,52840,68050
9292,52841,68051
6104,52842,68052
9292,52843,68053
9296,52844,68054
9287,52845,68055
6656,52846,68056
6655,52847,68057
6656,52848,68058
9281,52849,68059
9292,52850,68060
6648,52851,68061
6657,52852,68062
6649,52853,68063
6652,52854,68064
9292,52855,68065
6656,52856,68066
6119,52857,68067
6660,52858,68068
6656,52859,68069
6654,52860,68070
6652,52861,68071
6140,52862,68072
9292,52863,68073
9287,52864,68074
6140,52865,68075
6649,52866,68076
9292,52867,68077
6660,52868,68078
9281,52869,68079
6652,52870,68080
6662,52871,68081
6647,52872,68082
6119,52873,68083
6635,52874,68084
6660,52877,68087
6652,52879,68089
6655,52880,68090
6635,52881,68091
6655,52882,68092
6650,52883,68093
6651,52884,68094
6104,52885,68095
6660,52886,68096
6108,52887,68097
6645,52888,68098
6635,52889,68099
6113,52890,68100
6660,52891,68101
6148,52892,68102
9292,52893,68103
6647,52894,68104
6652,52895,68105
6148,52896,68106
6113,52897,68107
6658,52898,68108
6108,52899,68109
6652,52900,68110
6658,52901,68111
6660,52902,68112
6649,52903,68113
6647,52904,68114
6658,52905,68115
6658,52906,68116
9287,52907,68117
9287,52908,68118
6113,52909,68119
6148,52910,68120
6119,52911,68121
6657,52912,68122
6651,52913,68123
6108,52914,68124
6147,52915,68125
6635,52916,68126
6104,52917,68127
9287,52918,68128
6108,52919,68129
9296,52920,68130
9287,52921,68131
9281,52922,68132
6108,52923,68133
6140,52924,68134
9281,52925,68135
6650,52926,68136
6119,52927,68137
6656,52928,68138
6105,52929,68139
9287,52930,68140
6647,52931,68141
6662,52932,68142
6648,52933,68143
6113,52934,68144
6650,52935,68145
6662,52936,68146
6656,52938,68148
9281,52939,68149
6113,52940,68150
9296,52941,68151
9292,52942,68152
6660,52943,68153
6652,52944,68154
9287,52945,68155
6645,52946,68156
6147,52947,68157
6648,52948,68158
9287,52949,68159
6108,52950,68160
6105,52951,68161
6113,52952,68162
9281,52954,68164
6657,52955,68165
6658,52956,68166
6655,52957,68167
9292,52958,68168
6148,52959,68169
9296,52960,68170
6655,52961,68171
6105,52962,68172
6104,52963,68173
6653,52964,68174
6654,52965,68175
6108,52966,68176
9287,52967,68177
6105,52968,68178
6656,52969,68179
6113,52973,68183
6656,52975,68185
6658,52976,68186
6655,52979,68189
6649,52984,68194
6651,52986,68196
6662,52988,68198
9296,52994,68204
6104,52998,68208
6662,52999,68209
9287,53001,68211
6635,53003,68213
6655,53004,68214
6656,53005,68215
6140,53008,68218
6140,53011,68221
6105,53017,68227
6654,53018,68228
6147,53021,68231
6660,53025,68235
6148,53027,68237
6108,53032,68242
6140,53033,68243
9292,53043,68253
6148,53047,68257
6650,53049,68259
9287,53055,68265
6148,53057,68267
6655,53061,68271
6652,53062,68272
6635,53067,68277
6650,53070,68280
6650,53079,68289
6652,53080,68290
6113,53081,68291
6660,53082,68292
6635,53084,68294
6105,53094,68304
6658,53095,68305
6660,53097,68307
6147,53101,68311
6655,53102,68312
6105,53105,68315
6658,53106,68316
9281,53113,68323
6653,53115,68325
9296,53118,68328
9281,53129,68339
6113,53130,68340
6104,53132,68342
6657,53135,68345
6108,53138,68348
6647,53139,68349
9296,53140,68350
6148,53144,68354
6140,53146,68356
6119,53154,68364
9292,53157,68367
6635,53159,68369
9287,53163,68373
6653,53166,68376
6657,53167,68377
6147,53174,68384
6651,53178,68388
6660,53179,68389
6648,53184,68394
6645,53186,68396
6119,53188,68398
6650,53192,68402
6635,53197,68407
6108,53200,68410
9281,53203,68413
6645,53209,68419
6649,53211,68421
9281,53214,68424
6652,53217,68427
6654,53219,68429
6147,53222,68432
6113,53225,68435
6119,53229,68439
6648,53238,68448
6105,53239,68449
6645,53242,68452
6648,53244,68454
6652,53245,68455
6119,53248,68458
6647,53251,68461
6652,53252,68462
9287,53254,68464
6148,53255,68465
6653,53257,68467
6108,53258,68468
6649,53260,68470
6147,53262,68472
6651,53263,68473
6662,53265,68475
9296,53267,68477
6649,53268,68478
6108,53270,68480
6647,53275,68485
9292,53276,68486
6119,53278,68488
9292,53282,68492
6140,53285,68495
6104,53290,68500
6660,53294,68504
9287,53295,68505
9292,53298,68508
6656,53305,68515
6657,53306,68516
9281,53308,68518
6656,53311,68521
6647,53313,68523
6113,53315,68525
6657,53316,68526
6104,53322,68532
6658,53328,68538
6104,53332,68542
6653,53335,68545
6656,53340,68550
6654,53342,68552
6651,53343,68553
6105,53344,68554
6655,57145,72717
6113,57146,72718
6651,57147,72719
6656,57149,72721
